0.329186 -0.04156 -0.000423 -0.0888669 -0.0971109 -0.0288176
0.329186 -0.04156 -1.8e-05 -0.0762465 -0.0881836 -0.00720688
0.329186 -0.041587 -0.000221 -0.0556889 -0.0799728 -0.0149978
0.329186 -0.04156 0.000386 -0.0736269 -0.0796583 -0.0124411
0.329186 -0.041587 0.000184 -0.0764931 -0.0854403 -0.00821576
0.329186 -0.041614 -1.9e-05 -0.0885783 -0.0870651 -0.0184725
0.329186 -0.041482 -0.000207 -0.073723 -0.0792224 -0.00699076
0.329186 -0.041482 -0.000612 -0.0670003 -0.0799742 -0.0183618
0.329186 -0.041404 -0.000801 -0.105267 -0.101294 -0.021035
0.329186 -0.041482 0.000575 -0.0696067 -0.0809425 0.00202932
0.329186 -0.041404 -1.9e-05 -0.0639499 -0.0851645 -0.0268563
0.329186 -0.041404 0.000763 -0.0838286 -0.0876914 -0.00900457
0.329186 -0.041279 -0.000181 -0.0748112 -0.0741038 -0.0118804
0.329186 -0.041279 -0.000963 -0.0937924 -0.0939907 -0.0299126
0.329186 -0.041155 -0.001124 -0.111354 -0.0972423 -0.0146515
0.329186 -0.041279 0.000925 -0.0978902 -0.0877942 -0.0238968
0.329186 -0.041155 -1.8e-05 -0.0732118 -0.0649308 -0.00575448
0.329186 -0.041155 0.001087 -0.0868684 -0.0848073 -0.011211
0.329186 -0.040994 -0.000143 -0.0574649 -0.0767321 -0.0124443
0.329186 -0.040994 -0.001249 -0.0956691 -0.0986194 -0.0169735
0.329186 -0.040832 -0.001373 -0.0635459 -0.0736199 -0.0179345
0.329186 -0.040994 0.001211 -0.0961854 -0.0900712 -0.00965797
0.329186 -0.040832 -1.9e-05 -0.0751694 -0.0650422 -0.0057642
0.329186 -0.040832 0.001335 -0.0856841 -0.0845391 -0.00823972
0.329186 -0.040643 -9.7e-05 -0.07065 -0.0713498 -0.00991242
0.329186 -0.040643 -0.001451 -0.100865 -0.091547 -0.0243435
0.329186 -0.040455 -0.001529 -0.0683396 -0.0742631 -0.0162558
0.329186 -0.040643 0.001413 -0.0929088 -0.0800445 -0.0143688
0.329186 -0.040455 -1.9e-05 -0.0733706 -0.0736296 -0.00850467
0.329186 -0.040455 0.001491 -0.113967 -0.0968156 -0.0281673
0.329186 -0.040252 -4.6e-05 -0.0615938 -0.0865732 -0.0268538
0.329186 -0.040252 -0.001556 -0.0758293 -0.0821494 -0.0133921
0.329186 -0.04005 -0.001582 -0.0887852 -0.0870033 -0.00591366
0.329186 -0.040252 0.001518 -0.0855264 -0.0801037 -0.00883855
0.329186 -0.04005 -1.9e-05 -0.0749882 -0.0719099 -0.0128887
0.329186 -0.04005 0.001545 -0.10288 -0.0929871 -0.0280298
0.329186 -0.039848 8e-06 -0.0749453 -0.0736405 -0.0139695
0.329186 -0.039848 -0.001556 -0.0712311 -0.0756707 -0.0167777
0.329186 -0.039646 -0.001529 -0.0927024 -0.101146 -0.0296151
0.329186 -0.039848 0.001518 -0.0718723 -0.0734807 -0.00713666
0.329186 -0.039646 -1.9e-05 -0.0756907 -0.0700544 -0.00624658
0.329186 -0.039646 0.001491 -0.0930882 -0.0765928 -0.0110752
0.329186 -0.039457 5.9e-05 -0.072869 -0.0730836 -0.0145871
0.329186 -0.039457 -0.001451 -0.0686496 -0.0993796 -0.0265081
0.329186 -0.039268 -0.001373 -0.0895992 -0.0867226 -0.00707977
0.329186 -0.039457 0.001413 -0.0846849 -0.083617 -0.01923
0.329186 -0.039268 -1.9e-05 -0.0740545 -0.0761313 -0.0144438
0.329186 -0.039268 0.001335 -0.0826167 -0.0869582 -0.0160256
0.329186 -0.039107 0.000106 -0.0796519 -0.0756617 -0.0106333
0.329186 -0.039107 -0.001249 -0.0661938 -0.0765285 -0.0126771
0.329186 -0.038945 -0.001124 -0.0788616 -0.0856976 -0.0167647
0.329186 -0.039107 0.001211 -0.0681787 -0.0712937 -0.014455
0.329186 -0.038945 -1.8e-05 -0.0687352 -0.0764317 -0.0187245
0.329186 -0.038945 0.001087 -0.0637513 -0.112481 -0.0415187
0.329186 -0.038821 0.000143 -0.0716344 -0.0772554 -0.0140951
0.329186 -0.038821 -0.000963 -0.0935021 -0.0834717 -0.01417
0.329186 -0.038696 -0.000801 -0.0784029 -0.107447 -0.00214475
0.329186 -0.038821 0.000925 -0.0869956 -0.092824 -0.014639
0.329186 -0.038696 -1.9e-05 -0.0677014 -0.0691459 -0.0133579
0.329186 -0.038696 0.000763 -0.105426 -0.100594 -0.0293611
0.329186 -0.038618 0.00017 -0.0684493 -0.0706571 -0.0180209
0.329186 -0.038618 -0.000612 -0.0963629 -0.101732 -0.0216265
0.329186 -0.03854 -0.000423 -0.085557 -0.0738498 -0.0045245
0.329186 -0.038618 0.000575 -0.100395 -0.103229 -0.00885634
0.329186 -0.03854 -1.8e-05 -0.0751586 -0.0722808 -0.00746865
0.329186 -0.03854 0.000386 -0.0772968 -0.0915601 -0.0108915
0.329186 -0.038513 0.000184 -0.0861746 -0.0773976 -0.00701274
0.329186 -0.038513 -0.000221 -0.0902384 -0.101998 -0.0352221
0.329186 -0.038487 -1.9e-05 -0.0891291 -0.0986189 -0.0106485
0.290103 -0.060346 0.000184 -0.0385777 -0.0867387 -0.0257742
0.25102 -0.079133 -1.9e-05 -0.0555963 -0.0755298 -0.0230169
0.290103 -0.060373 -1.9e-05 -0.0376214 -0.105674 -0.0222516
0.290103 -0.060346 -0.000221 -0.103894 -0.0877271 -0.0220972
0.25102 -0.077801 -0.010134 -0.0425546 0.00104077 -0.0183445
0.290103 -0.059603 -0.005468 -0.051634 -0.0907733 -0.0360654
0.290103 -0.05968 -0.005279 -0.044207 -0.122395 -0.031574
0.25102 -0.078467 0.005039 -0.00890726 -0.028479 -0.0395308
0.290103 -0.05968 0.005241 -0.0335909 -0.126278 -0.0264303
0.25102 -0.077801 0.010096 -0.020654 -0.040751 -0.0317016
0.25102 -0.078467 -0.005077 -0.0281903 -0.00497737 -0.0438049
0.290103 -0.057651 -0.010181 -0.098055 -0.0781707 -0.0112019
0.25102 -0.075849 -0.014847 -0.0398452 0.0082366 -0.00753234
0.25102 -0.073897 -0.01956 -0.00751636 -0.0241387 -0.0351858
0.290103 -0.059603 0.00543 -0.0466566 -0.121065 -0.0274167
0.290103 -0.057526 -0.010342 -0.0934348 -0.0797849 -0.0137416
0.25102 -0.075849 0.01481 0.0022286 -0.057453 -0.035042
0.290103 -0.057651 0.010143 -0.0946034 -0.0821447 -0.0171176
0.25102 -0.073897 0.019523 -0.0078911 -0.0638328 -0.0354114
0.290103 -0.05442 -0.01439 -0.0781015 -0.0793408 -0.0200698
0.25102 -0.070792 -0.023608 -0.00920938 -0.029636 -0.0292591
0.25102 -0.067686 -0.027655 -0.0434489 -0.0094018 -0.0166594
0.290103 -0.057526 0.010305 -0.0549134 -0.0888396 -0.0362933
0.290103 -0.054259 -0.014514 -0.0834367 -0.107671 -0.00900225
0.25102 -0.070792 0.02357 -0.00657483 -0.0488172 -0.0331421
0.290103 -0.05442 0.014352 -0.0950095 -0.0816093 -0.00760806
0.25102 -0.067686 0.027617 -0.037287 0.0137206 -0.0126222
0.290103 -0.050212 -0.017619 -0.0602337 -0.103453 -0.0437919
0.25102 -0.063639 -0.03076 -0.0319168 -0.00774986 -0.0294449
0.25102 -0.059592 -0.033865 -0.0435701 -0.0205787 -0.00888404
0.25102 -0.059592 0.033828 -0.068562 -0.0111098 -0.00469454
0.290103 -0.050374 0.017457 -0.0653776 -0.10392 -0.0344158
0.290103 -0.050212 0.017582 -0.0512323 -0.117154 -0.0354428
0.25102 -0.063639 0.030723 -0.0194157 -0.0425294 -0.0386248
0.290103 -0.050023 -0.017697 -0.0826751 -0.0683454 -0.0169963
0.290103 -0.045499 0.019534 -0.0857025 -0.0710851 -0.0242504
0.25102 -0.050166 0.037732 -0.0850012 -0.0601176 -0.00561556
0.25102 -0.054879 0.03578 -0.0643073 -0.0453915 -0.0254674
0.290103 -0.045311 -0.01965 -0.049629 -0.125692 -0.0361325
0.25102 -0.054879 -0.035818 -0.0461363 -0.0136601 -0.00883156
0.25102 -0.050166 -0.03777 -0.046143 -0.025876 -0.0123962
0.290103 -0.045311 0.019612 -0.0886015 -0.0802123 -0.00714623
0.290103 -0.045108 -0.019676 -0.058729 -0.0948437 -0.04268
0.290103 -0.040252 0.020278 -0.0881913 -0.0739572 -0.0216925
0.25102 -0.04005 0.039064 -0.0505638 -0.03169 -0.0391219
0.25102 -0.045108 0.038398 -0.0410853 -0.0271356 -0.0313558
0.290103 -0.04005 -0.020341 -0.0628385 -0.0963136 -0.0399813
0.25102 -0.045108 -0.038435 -0.0673519 -0.0679212 -0.0319379
0.25102 -0.04005 -0.039101 -0.0375534 -0.0164782 -0.015756
0.290103 -0.04005 0.020305 -0.0582204 -0.0674945 -0.0211104
0.290103 -0.039848 -0.020315 -0.0261759 -0.0937153 -0.0406279
0.290103 -0.034993 0.019639 -0.0985901 -0.0715792 -0.0154657
0.25102 -0.029935 0.037732 -0.0512605 -0.0672369 -0.0555205
0.25102 -0.034993 0.038398 -0.0465959 -0.0717768 -0.0615825
0.290103 -0.034791 -0.01965 -0.0652231 -0.0847471 -0.0284749
0.25102 -0.034993 -0.038435 -0.0644768 -0.0633975 -0.0267599
0.25102 -0.029935 -0.03777 -0.0467051 -0.0337063 0.00266763
0.290103 -0.034791 0.019612 -0.047862 -0.0666469 -0.0268098
0.290103 -0.034602 -0.019571 -0.035519 -0.128697 -0.0410544
0.290103 -0.030078 0.017659 -0.0684865 -0.0695391 -0.0224459
0.25102 -0.020509 0.033828 -0.0204544 0.000197391 -0.0282877
0.25102 -0.025222 0.03578 -0.0302534 -0.0564433 -0.0459181
0.290103 -0.029727 -0.017495 -0.070759 -0.0899935 -0.0377412
0.290103 -0.02568 -0.01439 -0.0673904 -0.0886526 -0.0226575
0.25102 -0.020509 -0.033865 -0.0602091 -0.0494579 -0.0190971
0.25102 -0.016462 -0.03076 -0.0337085 -0.00570495 -0.0292295
0.25102 -0.012414 -0.027655 -0.0319278 -0.0655293 -0.0449617
0.290103 -0.029888 -0.017619 -0.0389058 -0.133024 -0.0328322
0.25102 -0.025222 -0.035818 -0.0684956 -0.0314208 -0.00848985
0.290103 -0.029888 0.017582 -0.0865961 -0.0821909 -0.0196391
0.290103 -0.025841 0.014476 -0.0370394 -0.116673 -0.0384217
0.25102 -0.012414 0.027617 -0.056036 -0.0411081 -0.0308123
0.25102 -0.016462 0.030723 -0.0334754 -0.0330226 -0.030386
0.25102 -0.006203 -0.01956 -0.0334877 -0.07778 -0.0434659
0.290103 -0.022574 -0.010342 -0.101562 -0.0869855 -0.0259414
0.25102 -0.009309 -0.023608 -0.0366891 0.00557345 -0.028686
0.290103 -0.022574 0.010305 -0.0444217 -0.125903 -0.0458878
0.290103 -0.02568 0.014352 -0.0447026 -0.115314 -0.0563774
0.25102 -0.006203 0.019523 -0.0603784 -0.0569062 -0.0259404
0.25102 -0.009309 0.02357 -0.00366729 -0.0230077 -0.0363906
0.290103 -0.02245 -0.010181 -0.0982488 -0.0745264 -0.0123692
0.290103 -0.02245 0.010143 -0.065018 -0.0875712 -0.0307981
0.25102 -0.002299 -0.010134 -0.0542163 -0.0544718 -0.0417621
0.290103 -0.020498 -0.005468 -0.0822678 -0.0796031 -0.0280282
0.25102 -0.004251 -0.014847 -0.0210992 0.0168861 -0.033728
0.290103 -0.020498 0.00543 -0.0817963 -0.0881897 -0.0281476
0.25102 -0.002299 0.010096 -0.0528606 -0.0570624 -0.0419865
0.25102 -0.004251 0.01481 0.0361929 -0.0127569 -0.0438003
0.290103 -0.02042 -0.005279 -0.0881948 -0.0827922 -0.0296564
0.290103 -0.02042 0.005241 -0.081784 -0.0938915 -0.0347744
0.290103 -0.020393 -0.005077 -0.095305 -0.093741 -0.0258733
0.290103 -0.019754 0.000184 -0.0621422 -0.0820504 -0.0426485
0.25102 -0.000968 -1.9e-05 -0.0505202 -0.0409043 -0.0463557
0.25102 -0.001634 0.005039 -0.0149961 -0.00320561 -0.0472712
0.290103 -0.019727 -1.9e-05 -0.0423556 -0.0726098 -0.0395476
0.25102 -0.001634 -0.005077 0.0312129 -0.0307996 -0.0649315
0.25102 -0.078467 0.0152 -0.0385215 -0.00501384 -0.0293933
0.25102 -0.079133 0.020304 -0.0751249 -0.0523979 -0.0173631
0.25102 -0.079133 0.010142 -0.0781482 -0.0494884 -0.0154343
0.25102 -0.078825 -0.010967 -0.0403668 0.00084223 -0.00964139
0.25102 -0.078518 -0.021914 -0.067048 -0.0301683 -0.00534375
0.25102 -0.078159 -0.016024 -0.0268923 0.0239329 0.0016841
0.25102 -0.077792 -0.016783 -0.0267245 0.0158916 -0.00892374
0.25102 -0.077782 -0.023432 -0.0769413 -0.0485752 -0.0114183
0.25102 -0.07584 -0.021496 -0.0525967 0.000109695 -0.0204229
0.25102 -0.078825 0.02109 -0.0974955 -0.0774165 -0.031494
0.25102 -0.078159 0.015986 -0.066332 -0.0110143 -0.00415745
0.25102 -0.078518 0.021876 -0.0865201 -0.0663393 -0.0113492
0.09508 -0.079133 0.010142 0.0411003 0.0695023 -0.046672
-0.06086 -0.079133 -1.9e-05 0.0277038 0.0875086 -0.0180934
0.09508 -0.079133 -1.9e-05 -0.00257857 0.0440955 -0.0303076
0.243204 -0.079133 -1.9e-05 -0.0675017 -0.0130501 -0.00499733
0.091172 -0.079133 -0.010181 0.0170685 0.0520628 -0.0328425
0.247112 -0.079133 -1.9e-05 -0.0550901 -0.0188118 -0.0125063
-0.06086 -0.079133 -0.020342 0.00893079 0.0789608 -0.017038
0.09508 -0.079133 -0.010181 0.0264553 0.0725504 -0.0290549
0.091172 -0.079133 -1.9e-05 0.008835 0.0760169 -0.0284437
0.25102 -0.078825 -0.021128 -0.046512 -0.0313449 -0.0179499
0.25102 -0.079133 -0.010181 -0.0694396 -0.0479633 -0.024476
0.25102 -0.079133 -0.020342 -0.0780683 -0.0400198 -0.00596719
0.25102 -0.07815 -0.022673 -0.0857978 -0.0451718 -0.00931923
0.25102 -0.075413 -0.022225 -0.0564549 -0.00197359 -0.00602043
0.25102 -0.077355 -0.024161 -0.0747997 -0.0718543 -0.00985098
0.25102 -0.076929 -0.024889 -0.0384314 -0.0938404 -0.0360672
0.25102 -0.077782 0.023395 -0.0764362 -0.0356048 -0.00637354
0.25102 -0.077792 0.016746 0.00548246 -0.0467447 -0.0282024
0.25102 -0.07584 0.021459 -0.0502021 -0.0044883 -0.00796278
0.25102 -0.07815 0.022635 -0.0751066 -0.035339 -0.00517774
-0.06086 -0.079133 0.010142 0.0277319 0.0755841 -0.0391589
0.09508 -0.079133 0.020304 0.00752575 0.0599586 -0.03016
-0.06086 -0.079133 0.020304 -0.00463783 0.0522529 -0.0244326
-0.06086 -0.079133 -0.010181 0.0231573 0.0934401 -0.0303037
0.09508 -0.079133 -0.020342 0.0215109 0.0548301 -0.0380739
0.25102 -0.074931 -0.022916 0.0137287 -0.048595 -0.0308179
0.25102 -0.076447 -0.025581 -0.0525023 -0.0027168 0.00557458
0.25102 -0.075964 -0.026273 -0.0564345 -0.0129647 -0.00585545
0.25102 -0.07381 -0.024177 0.00141802 -0.0269004 -0.0348272
0.25102 -0.073723 -0.028794 -0.0537907 -0.0876743 -0.0238082
0.25102 -0.070705 -0.028225 -0.034523 0.0312301 -0.000178575
0.25102 -0.077355 0.024123 -0.0630636 -0.0377481 -0.00605439
0.25102 -0.075413 0.022187 -0.0598996 -0.0216984 -0.0319692
0.25102 -0.076929 0.024851 -0.0717427 -0.0521868 -0.0160036
-0.06086 -0.078518 0.021876 0.0320032 0.0617321 -0.0553209
-0.06086 -0.078825 0.010928 0.00590858 0.0589836 -0.0324637
-0.06086 -0.078825 0.02109 0.0242771 0.0913319 -0.0424485
-0.091944 -0.069362 -0.006781 0.00200705 0.0728349 0.004872
-0.123029 -0.059592 -0.033865 0.0268176 0.0864302 -0.0315291
-0.091944 -0.069362 -0.016942 0.0396361 0.0897873 -0.0445391
-0.06086 -0.077801 -0.010134 -0.0488424 0.00455598 -0.0159954
-0.06086 -0.078467 -0.015238 -0.0479107 -0.0374798 -0.0218219
-0.06086 -0.078467 -0.005077 -0.0541218 -0.0791269 -0.0247877
-0.091944 -0.069362 -0.027103 -0.0775834 -0.0678511 -0.00895948
-0.06086 -0.078467 0.005039 -0.0327812 0.0283567 0.00162645
-0.06086 -0.078159 0.015986 -0.0496358 -0.0314969 -0.0222336
-0.06086 -0.077801 0.010096 -0.035679 -0.0150232 -0.014933
0.25102 -0.074395 -0.023569 -0.0752329 -0.0184474 -0.00523664
0.25102 -0.075429 -0.026925 -0.0507007 -0.00151008 -0.00474079
0.25102 -0.074893 -0.027578 0.00333944 -0.0390694 -0.0458056
0.25102 -0.074308 -0.028186 -0.0639635 -0.0414362 -0.0134092
0.25102 -0.070073 -0.028785 -0.00443479 -0.0566545 -0.0391267
0.25102 -0.073092 -0.029354 -0.0527395 -0.110461 -0.0284909
0.25102 -0.072461 -0.029915 -0.0120203 0.0568758 -0.036704
0.25102 -0.073723 0.028757 0.0241964 0.0859685 -0.0207593
0.25102 -0.07381 0.02414 0.0183186 0.0986917 -0.0137846
0.25102 -0.070705 0.028187 0.012126 0.0744809 -0.0382048
0.25102 -0.076447 0.025544 -0.00584498 0.0686522 -0.00460543
0.25102 -0.074931 0.022879 0.02332 0.0931477 -0.0241904
0.25102 -0.075964 0.026236 0.0104891 0.060047 -0.0274177
-0.06086 -0.077792 0.016746 0.0220391 0.0794067 -0.0246842
-0.06086 -0.075849 0.01481 -0.00376731 0.065554 -0.00798128
-0.06086 -0.077782 0.023395 0.00758662 0.061338 -0.0332236
-0.06086 -0.07584 0.021459 0.0295525 0.0680887 -0.0313523
-0.06086 -0.073897 0.019523 0.0132135 0.0603884 -0.0322344
-0.06086 -0.067686 0.027617 0.0250543 0.0969339 -0.0345305
-0.06086 -0.070705 0.028187 0.0174362 0.0645032 -0.0292579
-0.06086 -0.070792 0.02357 0.0187667 0.0711219 -0.0254269
-0.06086 -0.073723 0.028757 0.00183085 0.0768884 -0.0468656
-0.06086 -0.07381 0.02414 0.0322621 0.0850313 -0.0318107
-0.091944 -0.069362 0.027066 0.0238882 0.0879985 -0.0128692
-0.091944 -0.069055 0.027852 0.0229569 0.0797377 -0.0200097
-0.123029 -0.059592 0.033828 -0.0482007 0.0141229 -0.00462374
-0.123029 -0.059592 -1.9e-05 -0.0397055 -0.0173037 -0.0107523
-0.06086 -0.078825 -0.021128 -0.0414736 -0.0938503 -0.0261021
-0.06086 -0.078159 -0.016024 -0.04346 -0.0179174 -0.0190009
-0.06086 -0.078518 -0.021914 -0.0571549 -0.0122262 0.00604302
-0.091944 -0.069055 -0.027889 -0.0428575 0.00514959 -0.00419548
-0.06086 -0.07815 0.022635 -0.0791324 -0.0334338 -0.00761949
-0.06086 -0.07815 -0.022673 -0.0433381 0.0147548 -0.00963768
-0.06086 -0.077792 -0.016783 -0.0333068 -0.013545 -0.0310609
-0.06086 -0.077782 -0.023432 -0.0763375 -0.0217495 -0.00766639
-0.091944 -0.068687 -0.028649 -0.00440568 -0.0432526 -0.0386153
-0.06086 -0.07584 -0.021496 -0.0639466 -0.0278623 0.00268438
-0.06086 -0.077355 -0.024161 -0.0669294 -0.0154166 -0.00343285
-0.06086 -0.073897 -0.01956 -0.040157 0.016529 -0.0147008
-0.06086 -0.075413 -0.022225 -0.0600711 -0.0326676 -0.0130442
-0.06086 -0.076929 -0.024889 -0.0682031 -0.0971031 -0.033752
-0.091944 -0.068261 -0.029377 0.0274107 0.0775225 -0.0388564
-0.06086 -0.075849 -0.014847 0.0156254 0.0839071 -0.0286558
-0.06086 -0.076447 -0.025581 0.0191812 0.0794008 -0.0326655
-0.06086 -0.074931 -0.022916 0.0283192 0.0584005 -0.0251825
-0.06086 -0.075964 -0.026273 0.0155182 0.0661827 -0.0263891
-0.091944 -0.067778 -0.030069 0.0507008 0.108842 -0.0537365
0.25102 -0.069401 -0.029294 0.0322191 0.0822398 -0.0377356
0.25102 -0.071788 -0.030424 0.0280683 0.0777877 -0.0285271
0.25102 -0.071115 -0.030933 0.0214329 0.0689382 -0.025084
0.25102 -0.067172 -0.030484 0.0255888 0.0853623 -0.0189052
0.25102 -0.066658 -0.033313 0.00481129 0.0753524 -0.0271442
0.25102 -0.063125 -0.033589 -0.0324655 -0.0233703 -0.0275734
0.25102 -0.066658 0.033276 0.00302368 0.0730395 -0.0173251
0.25102 -0.067172 0.030447 0.0115464 0.0661506 -0.0162359
0.25102 -0.063125 0.033552 0.0259288 0.085239 -0.0237961
0.25102 -0.074893 0.02754 0.00721796 0.0743746 -0.0258598
0.25102 -0.074395 0.023531 0.00811552 0.0687995 -0.0237569
0.25102 -0.074308 0.028149 -0.0395002 4.65369e-05 -0.0136724
0.25102 -0.073092 0.029318 -0.0603138 -0.0542197 -0.0100281
0.25102 -0.070073 0.028747 -0.0551813 -0.0837783 -0.0185215
0.25102 -0.072461 0.029878 0.0199979 0.0491275 -0.0423409
0.25102 -0.075429 0.026888 -0.0557903 -0.0170873 -0.00955733
-0.06086 -0.075413 0.022187 0.0344467 0.0814916 -0.0438105
-0.06086 -0.077355 0.024123 0.00784147 0.0396023 -0.0384492
-0.06086 -0.076929 0.024851 -0.0822256 -0.0277152 -0.0267372
-0.06086 -0.074395 0.023531 -0.0608478 0.00491782 -0.0258169
-0.06086 -0.074893 0.02754 -0.0418456 -0.0914017 -0.0452406
-0.06086 -0.074308 0.028149 -0.0560509 -0.046271 -0.0152314
-0.06086 -0.071115 0.030896 -0.0852876 -0.0416526 -0.0123184
-0.06086 -0.072419 0.029826 -0.0537433 -0.0772526 -0.0255448
-0.06086 -0.069401 0.029256 -0.0577895 -0.0445658 -0.0123243
-0.091944 -0.068687 0.028611 -0.0587425 -0.0299239 -0.0156875
-0.06086 -0.059592 -0.033865 -0.0279332 -0.0236387 -0.0281531
-0.091944 -0.059592 -1.9e-05 -0.0481402 -0.090259 -0.0219287
-0.091944 -0.059592 -0.033865 -0.0512399 -0.0791225 -0.0239702
-0.123029 -0.042256 0.031546 -0.0650159 -0.0441795 -0.0187298
-0.123029 -0.050924 -0.00116 -0.0506063 -0.0258987 -0.0214262
-0.123029 -0.050924 0.032687 -0.0643839 -0.0317514 -0.0100054
-0.325478 -0.007221 0.027617 -0.0393216 0.0137879 -0.0137898
-0.224253 -0.033406 -0.003124 -0.0735251 -0.0691722 -0.00961748
-0.224253 -0.033406 0.030723 0.0229092 0.081535 -0.0217228
-0.06086 -0.075429 -0.026925 0.0411802 0.0925058 -0.0401384
-0.06086 -0.074395 -0.023569 0.0469732 0.0855652 -0.0472665
-0.06086 -0.074893 -0.027578 0.0241616 0.0687502 -0.0470262
-0.091944 -0.067242 -0.030721 0.0242365 0.0909947 -0.0237786
0.25102 -0.06869 -0.029749 -0.0106326 0.0464435 -0.0321743
0.25102 -0.070404 -0.031388 0.0400518 0.105497 -0.0417225
0.25102 -0.069693 -0.031843 0.0104358 0.0842175 -0.0134981
0.09508 -0.062327 -0.033865 0.00784436 0.0590665 -0.0280757
0.247112 -0.059592 -0.033865 0.025812 0.0951367 -0.0160906
-0.06086 -0.065063 -0.033865 0.0131844 0.0786591 -0.0205784
0.091172 -0.062327 -0.033865 0.0245012 0.0669633 -0.0304884
0.243204 -0.059592 -0.033865 0.0207019 0.0880298 -0.0160181
0.25102 -0.067945 -0.030147 0.00824118 0.0492698 -0.0298576
0.25102 -0.068205 -0.032638 0.0238992 0.0950685 -0.00600429
0.25102 -0.067432 -0.032976 0.0314622 0.0944626 -0.0214278
0.25102 -0.062327 -0.033865 0.0201525 0.0768103 -0.0271978
0.25102 -0.06586 -0.033589 0.015365 0.0670526 -0.0244805
0.25102 -0.065063 -0.033865 0.00881528 0.0871334 -0.0197792
0.25102 -0.068205 0.0326 0.0250087 0.0821111 -0.0268595
0.25102 -0.067945 0.030108 0.0377346 0.0798766 -0.0278824
0.25102 -0.067432 0.032938 0.007419 0.0733137 -0.0249354
0.25102 -0.06586 0.033552 0.0272549 0.0457358 -0.0337296
0.25102 -0.062327 0.033828 -0.00277503 0.0256013 -0.0124936
0.25102 -0.065063 0.033828 -0.0341207 0.00978076 -0.0336456
0.25102 -0.071788 0.030387 -0.0445753 -0.0268384 -0.0160287
0.25102 -0.069401 0.029256 -0.0326903 0.0327633 -0.0183768
0.25102 -0.071115 0.030896 -0.0255112 0.0691236 -0.00414198
-0.091944 -0.068261 0.029339 -0.0294327 0.0434931 -0.0303687
-0.06086 -0.074931 0.022879 -0.0264163 0.0276977 -0.0271381
-0.06086 -0.076447 0.025544 -0.0251604 0.0177413 -0.0318203
-0.06086 -0.075964 0.026236 0.00852466 0.054473 -0.0179949
-0.06086 -0.075429 0.026888 0.0180168 0.0699086 -0.0211114
-0.091944 -0.067242 0.030684 0.0169001 0.0860407 -0.02054
-0.091944 -0.066657 0.031293 0.00106405 0.0449688 -0.0182961
-0.06086 -0.071788 0.030387 0.0183985 0.0587467 -0.0292738
-0.06086 -0.073092 0.029318 0.0130743 0.0429824 -0.042897
-0.06086 -0.072461 0.029878 -0.0678724 -0.0259981 0.00156041
-0.091944 -0.065353 0.032362 0.0247017 0.0733753 -0.0501743
-0.06086 -0.065063 0.033828 -0.058925 -0.0193402 -0.0214714
-0.06086 -0.068089 0.032362 -0.0794605 -0.0313229 -0.00210389
-0.06086 -0.066375 0.030723 -0.0778635 -0.0582499 -0.0186828
-0.027458 -0.059592 -1.9e-05 -0.0726067 -0.0466537 -0.0152026
0.003627 -0.059592 -0.033865 -0.0556978 0.016452 -0.01047
0.068113 -0.059592 -0.033865 -0.0651732 -0.0339835 -0.00856599
-0.123029 -0.042256 -0.031583 -0.0398234 -0.101203 -0.0325133
-0.091944 -0.050924 -0.032724 0.0146038 0.0648611 -0.0496185
-0.123029 -0.050924 -0.032724 0.0286577 0.0978993 -0.0107695
-0.091944 -0.062327 -0.033865 -0.0438644 0.0017125 -0.00895316
-0.06086 -0.062327 -0.033865 -0.0297446 0.0208178 -0.0220459
-0.123029 -0.050924 -0.032313 -0.0235502 -0.0127697 -0.0404001
-0.123029 -0.042256 0.000393 0.0142719 0.0635472 -0.022491
-0.123029 -0.042256 -0.03076 0.0265346 0.0667006 -0.0386292
-0.123029 -0.039129 0.031134 -0.0115533 0.0520111 -0.0327518
-0.123029 -0.036003 0.030722 0.0247684 0.085266 -0.0191935
-0.123029 -0.047798 0.032275 0.0224741 0.0740378 -0.0430164
-0.224253 -0.024739 0.029581 0.0404917 0.116731 -0.0234861
-0.224253 -0.033406 -0.03076 0.00467203 0.0994933 -0.00735752
-0.325478 -0.007221 -1.9e-05 0.0297313 0.0975718 -0.011929
-0.325478 -0.007221 -0.027655 0.0336374 0.077244 -0.0314953
0.182626 -0.059592 -0.033865 0.0152354 0.0636451 -0.0242933
0.030594 -0.062327 -0.033865 0.010016 0.0937866 -0.013592
0.122047 -0.059592 -0.033865 0.0231744 0.0813776 -0.0319387
0.122047 -0.036003 -0.03076 0.027534 0.0849855 -0.00216907
0.122047 -0.012414 -0.027655 0.0293422 0.097916 -0.0217805
0.182626 -0.036003 -0.03076 0.0360832 0.0972778 -0.0293339
-0.06086 -0.073723 -0.028794 0.0287191 0.0617175 -0.02833
-0.06086 -0.07381 -0.024177 0.0265973 0.077853 -0.0288324
-0.06086 -0.070705 -0.028225 0.0192873 0.0617533 -0.0293238
-0.06086 -0.070792 -0.023608 0.0296502 0.0725863 -0.0588019
-0.06086 -0.067686 -0.027655 -0.0027778 0.0615799 -0.0223285
-0.06086 -0.074308 -0.028186 0.0224665 0.0817856 -0.0351775
-0.091944 -0.066657 -0.031329 -0.122918 -0.0730076 0.0248226
-0.06086 -0.073092 -0.029354 0.0247048 0.034224 0.0259055
-0.06086 -0.070073 -0.028785 -0.0184258 0.0078575 0.0477718
-0.06086 -0.072461 -0.029915 0.0331376 0.0750972 -0.0338571
-0.091944 -0.066027 -0.03189 -0.0264163 0.0276977 -0.0271381
0.25102 -0.068949 -0.032241 -0.00382926 0.0144247 -0.0149593
0.09508 -0.065063 -0.033865 0.00805366 0.0134592 -0.0101635
0.243204 -0.059592 0.033828 -0.014961 0.0116481 -0.0297514
0.247112 -0.062327 0.033828 0.00598126 0.0679229 -0.0281589
0.247112 -0.059592 0.033828 -0.0437593 -0.0306251 -0.0231369
0.25102 -0.069693 0.031806 -0.0494085 0.0150104 -0.0363542
0.25102 -0.06869 0.029712 0.0287083 0.0754434 -0.0269322
0.25102 -0.068949 0.032203 0.0029698 0.0678967 -0.0150994
0.25102 -0.070404 0.031351 -0.00623683 0.0711277 -0.0358881
0.091172 -0.062327 0.033828 -0.0450804 0.0187793 -0.0243992
0.030594 -0.062327 0.033828 -0.0012948 0.0217973 -0.00780498
0.182626 -0.059592 0.033828 -0.0429428 0.0231738 -0.0215159
0.122047 -0.059592 0.033828 -0.0200139 0.0352871 -0.0188917
0.243204 -0.036003 0.030723 0.0199696 0.0505428 -0.0333717
0.243204 -0.012414 0.027617 -0.0149254 0.0490658 -0.0196713
0.182626 -0.036003 0.030723 -0.0169886 0.0296696 -0.0264561
-0.091944 -0.067778 0.030032 0.0264813 0.0734476 -0.0250875
-0.091944 -0.062327 0.033828 0.0192366 0.0518809 -0.046991
-0.06086 -0.069693 0.031806 0.00105673 0.0617656 -0.034832
-0.06086 -0.067378 0.032817 0.0234887 0.0929115 -0.0113815
-0.06086 -0.070404 0.031351 0.0307088 0.0832544 -0.0284924
-0.06086 -0.059592 0.033828 0.0154441 0.0446553 -0.0262807
-0.06086 -0.062327 0.033828 -0.0337139 0.00206957 -0.0155929
-0.06086 -0.063639 0.030723 -0.00213612 0.0448955 -0.0325082
0.003627 -0.062327 -0.033865 -0.000879587 0.0237612 -0.0290465
0.068113 -0.036003 -0.03076 -0.0450163 0.0187026 -0.0243059
0.068113 -0.047798 -0.032313 -0.0200925 -0.0105315 -0.0456659
0.003627 -0.047798 -0.032313 0.0045407 0.0582221 -0.0306695
-0.000491 -0.059592 -1.9e-05 0.0127901 0.0701371 -0.011657
0.09508 -0.059592 -0.033865 0.0349252 0.0789992 -0.0336923
-0.123029 -0.036003 -0.03076 -0.0202178 0.0601612 -0.0249021
-0.091944 -0.047798 -0.032313 0.0458624 0.0860076 -0.0288588
-0.123029 -0.039129 -0.031171 0.0167282 0.0900345 -0.013249
-0.123029 -0.042256 -0.031171 0.0628741 0.118259 -0.0242383
-0.224253 -0.024739 -0.029619 -0.00647488 0.0694254 -0.0155506
-0.06086 -0.066658 -0.033313 0.0841695 0.140511 -0.0427896
-0.06086 -0.063125 -0.033589 -0.0507337 0.0272824 0.0374802
-0.06086 -0.06586 -0.033589 -0.129484 -0.0712268 0.0419909
-0.091944 -0.063125 -0.033589 -0.0569699 0.00799289 0.0133321
-0.123029 -0.042256 -1.9e-05 0.0213141 0.0609756 -0.0307862
-0.123029 -0.042256 0.031134 0.0292798 0.0673963 -0.0426594
-0.123029 -0.042256 0.030722 0.017831 0.0611751 -0.019603
-0.091944 -0.047798 0.032275 0.0248999 0.0892858 -0.0310856
-0.091944 -0.059592 0.033828 0.031771 0.0994497 -0.0196437
-0.123029 -0.042256 0.351518 0.0887874 0.107772 -0.0245709
-0.123029 -0.039129 0.19112 0.0664002 0.0901214 -0.0465846
-0.123029 -0.042256 0.191532 0.0924971 0.00464401 0.0403706
-0.123029 -0.039129 0.030722 -0.108101 -0.0699169 0.0394136
-0.224253 -0.021612 0.02917 -0.0624164 -0.0728775 0.0141146
0.122047 -0.036003 -0.03076 -0.0427889 -0.0479217 -0.0209317
0.122047 -0.043084 -0.034265 0.0292753 0.0522434 -0.0152423
0.122047 -0.047798 -0.032313 -0.0527184 -0.028762 -0.0236576
0.122047 -0.050166 -0.03777 0.0015856 0.0596592 -0.019472
0.122047 -0.054879 -0.035818 -0.0380468 0.0197322 -0.0184146
0.243204 -0.012414 -0.027655 0.00440577 0.0588834 -0.0296069
0.243204 -0.036003 -0.03076 -0.00632729 0.0529224 -0.0304471
0.182626 -0.012414 -0.027655 -0.0224157 0.0250245 -0.0274665
0.122047 -0.024209 -0.029207 0.0080077 0.0360931 -0.0464729
-0.06086 -0.071788 -0.030424 0.0376664 0.0658404 -0.0459587
-0.06086 -0.069401 -0.029294 0.0107175 0.0705214 -0.0108652
-0.06086 -0.071115 -0.030933 0.0231172 0.0532146 -0.0438452
-0.091944 -0.065353 -0.032399 0.0247381 0.0728188 -0.03385
0.122047 -0.036003 0.030722 -0.0422376 0.0164487 -0.0232787
0.122047 -0.043084 0.034227 -0.017451 0.0520816 -0.0218885
0.122047 -0.038027 0.034893 0.00852313 0.0602859 -0.0171129
0.122047 -0.050166 0.037732 0.0398195 0.0548342 -0.049057
0.122047 -0.045108 0.038398 0.0117039 0.0712963 -0.018185
0.122047 -0.04005 0.039064 0.00768185 0.0649586 -0.0265966
0.09508 -0.065063 0.033828 0.0153526 0.0609195 -0.0325921
0.003627 -0.062327 0.033828 0.0564776 0.0758902 -0.0447342
0.09508 -0.059592 0.033828 0.0199875 0.0852453 0.000829122
0.068113 -0.059592 0.033828 -0.00872792 0.0661799 -0.025751
0.003627 -0.059592 0.033828 0.024336 0.061199 -0.0360204
0.030594 -0.059592 0.033828 -0.04136 0.006008 -0.0336646
0.09508 -0.047798 0.032275 0.0151353 0.046409 -0.0360698
0.122047 -0.047798 0.032275 0.0210633 0.0592268 -0.0436758
0.122047 -0.054879 0.03578 0.0418709 0.088617 -0.0280663
0.122047 -0.012414 0.027617 0.0408588 0.0940616 -0.0366847
0.122047 -0.036003 0.030723 0.0474247 0.123838 -0.03532
0.182626 -0.012414 0.027617 0.0211482 0.0874812 -0.0257037
-0.06086 -0.068205 0.0326 0.0185114 0.0811713 -0.0139081
-0.06086 -0.068949 0.032203 0.0474433 0.10843 -0.00733524
-0.06086 -0.066634 0.033214 -0.116913 -0.0660902 0.036378
-0.06086 -0.067172 -0.030484 -0.0644503 0.0183023 0.0280983
-0.06086 -0.063639 -0.03076 -0.130336 -0.0602529 0.0615671
0.09508 -0.047798 -0.032313 0.0312348 0.0597586 -0.0327567
0.09508 -0.036003 -0.03076 -0.0505959 -0.0172179 -0.00884916
0.019242 -0.036003 -0.03076 -0.0212395 0.0203796 -0.0130715
-0.045245 -0.047798 -0.032313 0.0846094 0.102647 -0.0493343
-0.029629 -0.036003 -0.03076 0.0756299 0.106179 -0.0299864
0.122047 -0.059592 -1.9e-05 0.0667749 0.0992313 -0.0477316
-0.000491 -0.059592 0.033828 0.0336012 0.0591547 -0.0467342
-0.076329 -0.036003 -0.03076 0.0945852 0.123977 -0.037055
-0.123029 -0.039129 -0.03076 0.0296632 0.0467755 -0.0418035
-0.123029 -0.039129 -0.191139 0.0943648 0.109855 -0.0463097
-0.123029 -0.042256 -0.351518 0.0300147 0.07095 -0.0331312
-0.123029 -0.042256 -0.191551 -0.00366314 0.0428993 -0.0411619
-0.224253 -0.021612 -0.029207 -0.0185064 0.0156718 -0.0273727
0.122047 -0.042256 -0.03076 -0.0111023 0.0159133 -0.0468273
-0.000491 -0.042256 -0.03076 -0.0119835 0.00494687 -0.0465861
-0.000491 -0.042256 -0.031171 0.00142102 0.0579011 -0.0322641
-0.091944 -0.063898 -0.033252 0.0135893 0.0436396 -0.0435298
-0.06086 -0.067432 -0.032976 -0.00206599 0.0635669 -0.0344898
-0.06086 -0.068205 -0.032638 -0.0173536 0.0445186 -0.0255233
-0.123029 -0.039129 -1.9e-05 0.00467856 0.0412516 -0.0432634
-0.045245 -0.047798 0.032275 0.0162568 0.0528754 -0.0336536
-0.029629 -0.036003 0.030722 0.0380247 0.0611879 -0.0408399
-0.076329 -0.036003 0.030722 0.0149637 0.0419537 -0.0212838
-0.123029 -0.036003 0.19112 -0.00763476 0.04084 -0.0366674
-0.123029 -0.039129 0.351518 0.0254988 0.0260075 -0.0374661
-0.123029 -0.036003 0.351518 0.0649263 0.0521979 -0.0474867
-0.076329 -0.039129 0.030722 0.00789219 0.0416336 -0.0483672
-0.123029 -0.036003 -1.9e-05 0.0370263 0.0749532 -0.039358
-0.317832 -0.007417 0.027617 0.00370976 0.0382267 -0.0479
-0.216608 -0.021808 0.02917 0.0352423 0.022795 -0.0478914
-0.310186 -0.007613 0.027617 0.0194064 0.0367933 -0.0433314
0.122047 -0.045108 -0.038435 -0.0172675 0.0324345 -0.0249682
0.122047 -0.038027 -0.03493 0.0428402 0.0852538 -0.0219903
0.122047 -0.04005 -0.039101 0.012037 0.0714207 -0.0121403
0.122047 -0.036003 -1.9e-05 0.0857734 0.0980949 -0.0523375
0.122047 -0.047798 -0.001572 0.0645394 0.0769351 -0.0696667
0.182626 -0.022576 -0.027655 0.0491644 0.0627441 -0.0249647
0.122047 -0.032738 -0.027655 0.0875028 0.0937681 -0.0403335
0.122047 -0.022576 -0.027655 -0.0222207 0.000232515 -0.033665
0.122047 -0.03437 -0.029207 -0.0249537 0.0340602 -0.0220348
0.122047 -0.024209 -0.033112 -0.0404412 -0.024384 -0.0188594
0.122047 -0.036003 -0.038569 0.0408645 0.0223411 -0.0445067
0.122047 -0.036003 -0.034665 0.0245236 0.050392 -0.0395562
0.09508 -0.024209 -0.029207 0.011947 -0.000653843 -0.0529695
-0.06086 -0.070404 -0.031388 0.00414579 0.0212345 -0.0484354
-0.06086 -0.06869 -0.029749 0.0142322 0.0533426 -0.0421907
-0.06086 -0.069693 -0.031843 -0.0523391 -0.0382029 -0.02385
-0.091944 -0.064643 -0.032854 -0.0654391 -0.0451291 -0.0243251
-0.06086 -0.067945 -0.030147 -0.0342998 -0.0703817 -0.0473917
-0.06086 -0.068949 -0.032241 -0.071372 -0.0654858 -0.0391467
0.122047 -0.036003 0.034627 0.00575246 0.0452875 -0.0333527
0.122047 -0.038027 0.038797 0.0104644 0.050841 -0.0421968
0.122047 -0.036003 0.038531 -0.042939 -0.0713816 -0.0431983
-0.06086 -0.06586 0.033552 -0.0263405 -0.0262651 -0.0257335
-0.06086 -0.067432 0.032938 -0.0205187 -0.0728821 -0.0595725
-0.06086 -0.066658 0.033276 -0.0162222 -0.00246148 -0.0255811
0.068113 -0.047798 0.032275 0.0219602 -0.00653486 -0.0322769
0.068113 -0.036003 0.030722 -0.05314 -0.0291729 -0.0232925
0.003627 -0.047798 0.032275 -0.0507154 -0.025097 -0.0203677
0.09508 -0.036003 0.030722 -0.059287 -0.0601125 -0.0246252
0.122047 -0.024209 0.02917 -0.018837 0.0121805 -0.0398812
0.122047 -0.032738 0.027617 -0.0105105 0.0121879 -0.0346451
0.182626 -0.022576 0.027617 -0.0302056 -0.0369015 -0.0429866
0.122047 -0.022576 0.027617 -0.0304677 -0.0725488 -0.0581616
0.119079 -0.036003 -0.038139 -0.0418462 -0.0371012 -0.0346183
0.093596 -0.036003 -0.03445 0.00959836 0.0237077 -0.0397862
0.120563 -0.036003 -0.03445 0.000460611 0.0118127 -0.0491125
0.122047 -0.039129 -0.03076 -0.0063705 0.0140947 -0.0357215
0.09508 -0.039129 -0.03076 -0.00685871 0.0137751 -0.0300836
0.068113 -0.039129 -0.03076 -0.0587946 -0.053896 -0.0390899
0.068113 -0.042256 -0.03076 -0.0488318 -0.0525666 -0.0421752
0.019242 -0.039129 -0.03076 -0.0120949 -0.0547982 -0.0529742
0.068113 -0.012414 -0.027655 -0.0559626 -0.0509231 -0.0411436
0.068113 -0.024209 -0.029207 -0.0423517 -0.0231241 -0.0261495
0.019242 -0.024209 -0.029207 -0.0386857 -0.034043 -0.0422295
0.044725 -0.036003 -0.03445 0.0274623 0.0231722 -0.0639297
-0.076329 -0.039129 -0.03076 0.0261143 0.0195757 -0.0599067
-0.123029 -0.012414 -0.027655 0.0327295 0.0353192 -0.0500762
-0.076329 -0.024209 -0.029207 -0.00546197 0.0471421 -0.0527817
-0.123029 -0.024209 -0.029207 0.0121516 0.0347807 -0.0539446
-0.001975 -0.036003 -0.03445 0.0158275 0.0471069 -0.0502446
-0.123029 -0.039129 -0.351518 0.0147992 0.0209316 -0.0520289
-0.123029 -0.036003 -0.191139 -0.00432297 0.0328334 -0.0227626
-0.123029 -0.036003 -0.351518 -0.00792861 0.0114918 -0.0334816
-0.197641 -0.022295 -0.029207 0.0277899 0.0706796 -0.0373406
-0.298865 -0.007904 -0.027655 0.0197095 0.0587389 -0.0289544
-0.272252 -0.008586 -0.027655 -0.010089 0.0335157 -0.0249208
0.09508 -0.042256 -0.03076 0.00915935 0.0425562 -0.0369442
-0.027458 -0.042256 -0.03076 0.014548 0.0381378 -0.0459147
0.068113 -0.042256 0.030722 0.0185493 0.0538873 -0.0272886
0.068113 -0.039129 0.030722 0.0196232 0.0552405 -0.0264797
-0.027458 -0.042256 0.030722 0.000989333 0.0411358 -0.030216
-0.027458 -0.039129 0.030722 0.00741679 0.0257198 -0.0413652
0.019242 -0.036003 0.030722 -0.0146996 0.0121162 -0.0175423
-0.076329 -0.024209 0.02917 0.0206045 0.052736 -0.0308703
-0.123029 -0.012414 0.027617 -0.000947809 0.0557668 -0.0333922
-0.123029 -0.024209 0.02917 0.0267355 0.0564814 -0.0379445
-0.001975 -0.036003 0.034412 -0.00697305 0.0428631 -0.0275979
0.119079 -0.036003 0.038102 0.0225466 0.052961 -0.0343797
0.044725 -0.036003 0.034412 0.0170434 0.041423 -0.0521128
-0.123029 -0.024209 0.001534 0.00187431 0.032468 -0.0405565
-0.216608 -0.010014 0.027617 0.00399742 0.0363773 -0.0421523
0.122047 -0.038027 -0.038835 0.00265409 0.0477938 -0.0267181
0.122047 -0.03437 0.001534 0.00427361 0.0331092 -0.0338693
0.122047 -0.020509 -0.033865 0.0110444 0.0455379 -0.0436979
0.122047 -0.016462 -0.03076 -0.00998104 0.0303195 -0.0245151
0.122047 -0.025222 -0.035818 -0.0827024 -0.0664476 -0.023155
0.122047 -0.021174 -0.032712 -0.0165639 0.000376457 -0.0367422
0.122047 -0.029935 -0.03777 -0.0252388 -0.00518934 -0.0123823
0.09508 -0.028256 -0.032313 -0.0078532 0.038877 -0.0323272
0.247112 -0.022576 -0.027655 0.00647305 0.0284751 -0.026933
0.25102 -0.032738 -0.027655 -0.00284326 0.0242569 -0.025409
0.186534 -0.032738 -0.027655 0.00779246 0.0360153 -0.0354288
0.122047 -0.032738 -1.9e-05 0.00293543 0.029311 -0.0232597
0.122047 -0.022576 -1.9e-05 0.0127876 0.0483174 -0.0503338
0.122047 -0.032969 -0.038169 0.0119119 0.0213811 -0.0446386
0.120563 -0.036003 -0.038354 -0.0212353 0.0435241 -0.0132969
0.09508 -0.012414 -0.027655 -0.0216892 0.000692457 -0.0250331
0.122047 -0.032969 0.038131 -0.0101568 0.0393447 -0.0178515
0.122047 -0.032969 0.034227 -0.0341598 0.0114339 -0.0108683
0.122047 -0.029935 0.037732 -0.00940412 0.0229218 -0.0445674
0.120563 -0.036003 0.038317 -0.0173098 0.0185315 -0.0327015
0.120563 -0.036003 0.034412 -0.000544827 0.0395142 -0.0340913
0.09508 -0.024209 0.02917 -0.0142626 0.00890938 -0.043718
0.09508 -0.039129 0.030722 -0.0347683 -0.0213077 -0.0170656
0.093596 -0.036003 0.034412 -0.0153676 -0.00641181 -0.0227618
0.122047 -0.021174 0.032675 0.00641751 0.0458472 -0.0391828
0.122047 -0.03437 0.02917 0.00587737 0.0295939 -0.0290596
0.122047 -0.020509 0.033828 -0.00263491 0.0329617 -0.0374264
0.122047 -0.025222 0.03578 -0.0156812 0.0484276 -0.0319425
0.122047 -0.016462 0.030723 -0.00109877 0.0464156 -0.0409147
0.09508 -0.028256 0.032275 0.0048135 0.0484075 -0.0383484
0.25102 -0.032738 0.027617 -0.00396571 0.0124031 -0.0395339
0.247112 -0.022576 0.027617 -0.0152295 0.0222033 -0.0279109
0.186534 -0.032738 0.027617 0.0107846 0.0305277 -0.0219268
0.122047 -0.012414 -1.9e-05 -0.0200009 0.0369858 -0.0217711
0.09508 -0.032969 -0.034265 -0.010961 0.0386035 -0.022822
0.120563 -0.032969 -0.037955 0.00248441 0.0165168 -0.0341052
-0.027458 -0.012414 -0.027655 0.00324832 0.0480155 -0.0412662
-0.197641 -0.0105 -0.027655 -0.0290244 0.0106753 -0.0383973
0.09508 -0.042256 0.030722 -0.0164797 0.0351414 -0.011349
0.122047 -0.039129 0.030722 -0.0388717 0.00149002 -0.0308
0.122047 -0.042256 0.030722 0.0216803 0.0461549 -0.0188982
0.068113 -0.024209 0.02917 -0.00154089 0.023228 -0.0339455
0.068113 -0.012414 0.027617 -0.0154741 0.00699856 -0.0308512
0.019242 -0.024209 0.02917 -0.0332201 0.000833818 -0.0156744
-0.027458 -0.012414 0.027617 -0.00781167 0.0228047 -0.0161272
-0.123029 -0.012414 -1.9e-05 -0.047561 -0.0529109 -0.0259692
0.122047 -0.003517 -0.028955 -0.0221728 -0.0141684 -0.0282078
0.122047 -0.007966 -0.028305 -0.0243314 0.00361863 -0.0290984
0.122047 -0.007966 -0.000669 0.0118646 0.0593623 -0.0342109
0.25102 -0.022576 -0.027655 -0.059807 -0.0475504 -0.0185951
0.247112 -0.012414 -0.027655 0.0133991 0.0448025 -0.054824
0.186534 -0.032738 -1.9e-05 0.0533082 0.0973587 -0.0314103
0.25102 -0.032738 -1.9e-05 -0.0350521 0.0163134 -0.0293557
0.09508 -0.032969 0.034227 -0.00393082 0.0605634 -0.0279114
0.09508 -0.036003 0.034627 -0.00426815 0.0318843 -0.0405698
0.09508 -0.012414 0.027617 -0.0100019 0.00210813 -0.0292758
0.122047 -0.007966 0.028267 -0.00903457 0.024448 -0.0357961
0.122047 -0.003517 -1.9e-05 -0.0410989 -0.0132362 -0.0163021
0.122047 -0.003517 0.028917 -0.0362512 0.0168426 -0.0329117
0.247112 -0.012414 0.027617 0.0265723 0.0604983 -0.0380075
0.25102 -0.022576 0.027617 -0.0172085 0.0415969 -0.0190578
-0.197641 -0.0105 -1.9e-05 -0.00845026 0.0141502 -0.0399716
0.25102 -0.010729 -0.025733 0.0383262 0.0486393 -0.0564088
0.25102 -0.009044 -0.023811 0.0444294 0.0541975 -0.070462
0.25102 -0.007624 -0.021686 0.0356909 0.0227747 -0.0678706
0.25102 -0.012414 -1.9e-05 0.0421116 0.116438 -0.0383351
0.25102 -0.022576 -1.9e-05 0.0396623 0.060418 -0.0312403
0.122047 0.000916 0.000728 -0.0464886 -0.0389108 -0.0398926
0.122047 0.000916 -0.028209 0.001186 0.0455967 -0.00389337
0.122047 0.00535 -0.027462 0.0644035 0.0953685 -0.0385963
0.25102 -0.009044 0.023773 -0.0442041 -0.0198506 -0.0277824
0.25102 -0.010729 0.025695 -0.0358728 -0.034196 -0.0293313
0.25102 -0.007624 0.021648 0.0335043 0.0555778 -0.0430253
0.25102 -0.006203 -1.9e-05 0.065074 0.0819272 -0.0348603
0.25102 -0.009309 -0.004066 -0.0463315 -0.0220886 -0.0375241
0.122047 0.000916 0.028171 0.0157418 0.0360104 -0.0331524
0.122047 0.00535 -1.8e-05 -0.0312524 -0.0413353 -0.021523
0.122047 0.00535 0.027425 0.028777 0.069876 -0.0395575
0.25102 -0.005073 -0.017268 0.0127816 0.0435474 -0.0359749
0.25102 -0.003942 -0.014975 0.00488597 0.0215382 -0.0538264
0.25102 -0.003121 -0.012555 0.028132 0.0611845 -0.050439
0.25102 -0.004251 -0.004732 0.0251149 0.0393461 -0.0548691
0.122047 0.00934 0.002053 0.0296406 0.0571418 -0.0603244
0.122047 0.00934 -0.025391 0.0414028 0.0241544 -0.0523061
0.122047 0.01333 -0.023319 0.0445007 0.0780159 -0.0357001
0.25102 -0.002299 -1.9e-05 0.0381492 0.07479 -0.0458535
0.25102 -0.003942 0.014937 0.0316555 0.0924525 -0.0304836
0.25102 -0.005073 0.01723 0.0441125 0.0670397 -0.0515969
0.25102 -0.003121 0.012517 -0.00880621 0.0189119 -0.0340258
0.122047 0.00934 0.025354 0.00815468 0.0252574 -0.0585194
0.122047 0.01333 -1.8e-05 -0.0520599 -0.0617021 -0.0287212
0.122047 0.01333 0.023282 -0.0247859 -0.0287036 -0.0328286
0.122047 0.016492 0.003178 0.0448577 0.0725032 -0.049401
0.122047 0.016492 -0.020123 -0.0787772 -0.063987 -0.0173978
0.122047 0.019654 -0.016926 -0.0348323 -0.0500539 -0.0212879
0.25102 -0.001302 0.005083 0.037523 0.0859833 -0.0427753
0.25102 -0.001801 0.00759 -0.00561939 0.0108809 -0.0380559
0.25102 -0.001135 0.002532 0.0661133 0.0645444 -0.0801807
0.25102 -0.001801 -0.007627 0.0142002 0.0627611 -0.0548942
0.25102 -0.001302 -0.00512 0.0364736 0.0302328 -0.0427406
0.25102 -0.001135 -0.00257 0.039 0.0494742 -0.0457724
0.122047 0.016492 0.020085 0.0269362 0.0715629 -0.0387125
0.122047 0.019654 -1.8e-05 0.0620396 0.116274 -0.0354878
0.122047 0.019654 0.016889 0.0140215 0.0548247 -0.0388332
0.122047 0.021682 0.003994 0.000950352 0.00983396 -0.0589224
0.122047 0.021682 -0.012914 0.0324497 0.058697 -0.0583759
0.122047 0.02371 -0.008902 0.0717816 0.0488087 -0.0642535
0.122047 0.021682 0.012877 0.0654944 0.0790228 -0.0458899
0.122047 0.02371 -1.9e-05 0.0704259 0.0416846 -0.0761741
0.122047 0.02371 0.008864 -0.0500617 -0.0355879 -0.0203727
0.122047 0.025108 -1.9e-05 -0.0433668 -0.0376 -0.0220869
0.122047 0.024409 -0.004461 0.061495 0.0950434 -0.0509564
0.122047 0.024409 0.004423 -0.0251696 0.00138643 -0.0336956
0.247112 -0.077801 0.010096 -0.0715074 -0.0522889 -0.0201419
0.243204 -0.077801 0.010096 0.0760495 0.119704 -0.0566761
0.247112 -0.078467 0.005039 0.00701114 0.0172255 -0.0393068
0.247112 -0.078467 -0.005077 0.0275739 0.0197905 -0.0442918
0.247112 -0.077801 -0.010134 0.0333426 0.00990086 -0.076087
0.243204 -0.077801 -0.010134 0.0660365 0.095183 -0.0448136
0.247112 -0.075849 -0.014847 0.0733244 0.0501027 -0.0643101
0.243204 -0.078467 0.005039 0.0457267 0.057414 -0.0340862
0.243204 -0.075849 0.01481 0.0392155 0.0731409 -0.0389616
0.247112 -0.075849 0.01481 0.0389869 0.0590646 -0.0403646
0.243204 -0.073897 0.019523 0.0395397 0.0370668 -0.0474917
0.243204 -0.078467 -0.005077 0.0241008 0.0191185 -0.0403799
0.243204 -0.073897 -0.01956 -0.0440148 -0.0379822 -0.0201544
0.247112 -0.073897 -0.01956 -0.0447136 -0.0400917 -0.0191087
0.243204 -0.075849 -0.014847 0.0504951 0.086321 -0.0524433
0.247112 -0.073897 0.019523 0.0352657 0.0484859 -0.0704907
0.091172 -0.077801 0.010096 0.0295428 0.0217729 -0.0570787
0.091172 -0.078467 0.005039 0.0437183 0.0486823 -0.0580776
0.091172 -0.075849 0.01481 0.0833651 0.11096 -0.0558002
0.091172 -0.073897 0.019523 0.062734 0.0714604 -0.0447603
0.09508 -0.078825 0.02109 0.0484937 0.0756324 -0.0620399
0.091172 -0.078467 -0.005077 0.0603327 0.104678 -0.0524054
0.09508 -0.078825 -0.021128 -0.0433495 -0.020647 -0.023188
0.09508 -0.078518 -0.021914 -0.0514594 -0.0458875 -0.0218942
0.09508 -0.07815 -0.022673 0.0251329 0.0238285 -0.0508031
0.09508 -0.077782 -0.023432 0.0538773 0.071516 -0.0419397
0.247112 -0.070792 -0.023608 0.0675202 0.115378 -0.0673041
0.091172 -0.075849 -0.014847 0.0075116 0.0581828 -0.0477841
0.091172 -0.077801 -0.010134 0.0857129 0.132312 -0.0523241
0.09508 -0.077355 -0.024161 0.0682884 0.0638378 -0.0707108
0.09508 -0.076929 -0.024889 0.0338236 0.0304455 -0.0464055
0.243204 -0.070792 0.02357 0.00917601 0.0217433 -0.0390769
0.247112 -0.070792 0.02357 -0.068994 -0.0468715 -0.0325216
0.243204 -0.067686 0.027617 -0.0696278 -0.0453079 -0.0305622
0.091172 -0.070792 0.02357 -0.0412126 -0.018425 -0.0192305
0.09508 -0.07815 0.022635 -0.0560704 -0.0522213 -0.0175619
0.09508 -0.078518 0.021876 -0.0316107 -0.0311104 -0.0366448
0.243204 -0.067686 -0.027655 -0.0411366 -0.033621 -0.033868
0.247112 -0.067686 -0.027655 -0.0468236 -0.0274321 -0.0296275
0.243204 -0.070792 -0.023608 -0.058715 -0.0496323 -0.0254486
0.091172 -0.073897 -0.01956 -0.0335441 -0.0199458 -0.0380305
0.09508 -0.076447 -0.025581 -0.0478495 -0.0117992 -0.0323486
0.09508 -0.075964 -0.026273 -0.0619901 -0.0546485 -0.0432303
0.247112 -0.067686 0.027617 -0.0308715 -0.00747751 -0.0385937
0.091172 -0.067686 0.027617 -0.0313783 -0.0271478 -0.0389004
0.09508 -0.077355 0.024123 -0.0254157 -0.0248266 -0.0289337
0.09508 -0.077782 0.023395 -0.0353547 -0.0357806 -0.0416202
0.243204 -0.063639 -0.03076 -0.0671264 -0.047617 -0.0156253
0.247112 -0.063639 -0.03076 -0.034935 -0.0226585 -0.0433418
0.091172 -0.070792 -0.023608 -0.0561339 -0.0584374 -0.0437237
0.09508 -0.075429 -0.026925 -0.0555913 -0.0501045 -0.0429774
0.09508 -0.074893 -0.027578 -0.0720293 -0.0490213 -0.0371171
0.09508 -0.074308 -0.028186 -0.0532273 -0.0570215 -0.0323255
0.09508 -0.073723 -0.028794 -0.0458632 -0.0560755 -0.0359765
0.09508 -0.073092 -0.029354 -0.0517606 -0.0390161 -0.035019
0.247112 -0.063639 0.030723 -0.0497441 -0.0482963 -0.0381882
0.243204 -0.063639 0.030723 -0.0371743 -0.0212993 -0.028785
0.091172 -0.063639 0.030723 -0.0458937 -0.0120029 -0.01823
0.09508 -0.076447 0.025544 -0.0429658 -0.0369802 -0.0371038
0.09508 -0.076929 0.024851 -0.0510302 -0.0193005 -0.0132707
0.182626 -0.063639 -0.03076 -0.0533908 -0.0409412 -0.0259281
0.091172 -0.067686 -0.027655 -0.0408105 -0.0370307 -0.0280145
0.09508 -0.072461 -0.029915 -0.0196607 -0.0150621 -0.0367927
0.09508 -0.071788 -0.030424 -0.0533365 -0.0524917 -0.0298531
0.247112 -0.054879 -0.035818 -0.0472987 -0.0293387 -0.00885263
0.186534 -0.054879 0.03578 -0.0516833 -0.0401262 -0.0305044
0.186534 -0.050166 0.037732 -0.0524838 -0.0339425 -0.0433817
0.09508 -0.074308 0.028149 -0.0486878 -0.0257481 -0.048947
0.09508 -0.074893 0.02754 -0.0627221 -0.0376027 -0.0163674
0.09508 -0.073092 0.029318 -0.0600077 -0.028678 -0.0202731
0.09508 -0.072461 0.029878 -0.0491017 -0.0436464 -0.0381801
0.030594 -0.063639 0.030723 -0.0509283 -0.0367027 -0.0296579
0.09508 -0.075429 0.026888 -0.0509546 -0.0468524 -0.0296612
0.09508 -0.075964 0.026236 -0.0467907 -0.041584 -0.0360426
0.09508 -0.073723 0.028757 -0.0566208 -0.0427257 -0.03495
0.030594 -0.063639 -0.03076 -0.046312 -0.0360207 -0.0252944
0.182626 -0.054879 -0.035818 -0.0267692 -0.0107547 -0.040191
0.09508 -0.071115 -0.030933 -0.0413728 -0.0147034 -0.0493796
0.09508 -0.070404 -0.031388 -0.0479298 -0.0176237 -0.030354
0.186534 -0.050166 -0.03777 -0.0395352 -0.0286368 -0.0318742
0.09508 -0.067432 -0.032976 -0.0442604 0.000249776 -0.0310047
0.09508 -0.068205 -0.032638 -0.00797956 -0.000789231 -0.0439419
0.09508 -0.06586 -0.033589 -0.031645 0.014569 -0.040736
0.09508 -0.066658 -0.033313 -0.0114849 -0.000821611 -0.0437725
0.182626 -0.054879 0.03578 -0.032788 0.0153666 -0.0265457
0.186534 -0.045108 0.038398 -0.00900302 0.0261372 -0.0309706
0.09508 -0.067432 0.032938 -0.0246193 0.0184442 -0.029082
0.09508 -0.066658 0.033276 -0.0213111 -0.0113587 -0.0546422
0.09508 -0.06586 0.033552 -0.0359133 0.0102841 -0.0248185
0.09508 -0.071788 0.030387 -0.0116677 -0.00365313 -0.0442777
0.09508 -0.071115 0.030896 -0.0208636 0.0108591 -0.0288453
0.003627 -0.063639 0.030723 0.00684694 0.00526526 -0.0387526
0.003627 -0.063639 -0.03076 -0.0220611 0.00947035 -0.0250941
0.09508 -0.069693 -0.031843 -0.0281848 -0.00618717 -0.0332085
0.09508 -0.068949 -0.032241 0.00657523 0.027442 -0.0486065
0.186534 -0.045108 -0.038435 -0.00106395 0.0120129 -0.0450975
0.186534 -0.04005 0.039064 -0.0194499 0.00398487 -0.0259004
0.09508 -0.068949 0.032203 -0.0136193 -0.00669244 -0.0372329
0.09508 -0.068205 0.0326 0.0155492 0.0353552 -0.0551419
0.09508 -0.070404 0.031351 -0.0126413 0.00936801 -0.0328892
0.09508 -0.069693 0.031806 -0.0133834 -0.0125803 -0.0317197
0.182626 -0.016462 -0.03076 0.145068 -0.0676759 0.0292687
0.186534 -0.04005 -0.039101 0.122303 -0.0595734 0.0248531
0.186534 -0.034993 0.038398 0.119778 -0.0450838 0.0332965
0.122047 -0.034993 0.038398 0.112903 -0.0722744 0.0237257
0.182626 -0.016462 0.030723 0.102988 -0.0813415 0.0272701
0.186534 -0.016462 -0.03076 0.111891 -0.0682429 0.0239407
0.186534 -0.034993 -0.038435 0.131598 -0.0663716 0.0373853
0.186534 -0.029935 0.037732 0.130064 -0.0561459 0.0231536
0.247112 -0.016462 0.030723 0.131375 -0.053263 0.0230711
0.186534 -0.020509 0.033828 0.118474 -0.0786087 0.0208877
-0.327285 0.008386 -0.025538 0.130537 -0.0662676 0.0280292
-0.129586 0.005841 -0.025538 0.144018 -0.0806569 0.0300567
-0.326842 0.00456 -0.026635 0.137136 -0.0792815 0.0307574
0.068113 0.003296 -0.025538 0.121269 -0.0623589 0.0346085
-0.129143 0.002015 -0.026635 0.13665 -0.0608142 0.0370333
-0.326399 0.000735 -0.027733 0.105825 -0.0800791 0.0242483
0.122047 -0.034993 -0.038435 0.145889 -0.0786147 0.0356794
0.068113 -0.004406 -0.027733 0.133679 -0.0883934 0.0489407
0.09508 -0.003961 -0.028344 0.140608 -0.0591594 0.0316936
0.09508 -0.00841 -0.027694 0.119062 -0.0594233 0.0186089
0.186534 -0.020509 -0.033865 0.132454 -0.0680431 0.050591
0.186534 -0.025222 -0.035818 0.128967 -0.0709213 0.0191382
0.068113 -0.00841 -0.027694 0.127136 -0.0683926 0.0166686
0.186534 -0.029935 -0.03777 0.13296 -0.0689818 0.0267952
0.186534 -0.025222 0.03578 0.146112 -0.0640006 0.0410026
0.068113 -0.004406 0.027695 0.0947596 -0.0479423 0.0098785
0.09508 -0.00841 0.027656 0.143999 -0.0718497 0.0398663
0.09508 -0.003961 0.028306 0.119989 -0.0955459 0.0244314
-0.129143 -0.00584 -0.027694 0.110859 -0.071814 0.0214704
-0.224714 -0.00584 -0.027694 0.11883 -0.0958808 0.0387739
-0.326399 0.000735 0.027695 0.114684 -0.0552051 0.0251325
-0.224714 -0.00584 0.027656 0.134864 -0.0555109 0.0134567
-0.129143 -0.00584 0.027656 0.132097 -0.0752199 0.0268713
-0.327285 0.008386 0.025501 0.138787 -0.0666214 0.0356683
-0.326842 0.00456 0.026598 0.129568 -0.0691642 0.0316745
-0.129586 0.00199 0.026598 0.134965 -0.0850502 0.0312164
-0.129143 -0.001836 0.027695 0.119433 -0.0878337 0.0164374
-0.328063 0.015105 -0.021251 0.144162 -0.0733501 0.0350201
-0.129975 0.009201 -0.023394 0.116996 -0.0897952 0.0286553
-0.327674 0.011745 -0.023394 0.0895461 -0.0605053 0.0125793
-0.129143 -0.001836 -0.027733 0.141456 -0.0769325 0.0350282
0.068113 -0.000555 -0.026635 0.112383 -0.0964314 0.0249596
0.09508 -0.000111 -0.027247 0.127519 -0.0854154 0.038164
0.068113 -0.00841 0.027656 0.0934165 -0.0820572 0.0208943
0.068113 -0.000555 0.026598 0.130242 -0.0784815 0.0205809
0.09508 -0.000111 0.027209 0.136996 -0.0642567 0.0317838
0.068113 0.003296 0.025501 0.117746 -0.08857 0.0198468
-0.129586 0.005841 0.025501 0.129534 -0.0848658 0.0184119
-0.129975 0.012583 -0.021251 0.124426 -0.0913895 0.0254756
0.068113 0.010061 -0.021251 0.151594 -0.086217 0.0283452
0.068113 0.006679 -0.023394 0.113741 -0.0764081 0.0165108
0.09508 0.004323 -0.0265 0.140117 -0.0537393 0.0344803
0.09508 0.004323 0.026463 0.127853 -0.0848773 0.0222222
-0.328063 0.015105 0.021213 0.147448 -0.0600386 0.0387568
-0.327674 0.011745 0.023357 0.101063 -0.075972 0.0171362
-0.129975 0.009201 0.023357 0.103707 -0.0790034 0.00102004
-0.328366 0.017724 -0.018236 0.140952 -0.0810872 0.0268448
-0.328669 0.020342 -0.015221 0.145736 -0.0875595 0.0343886
-0.130278 0.015202 -0.018236 0.110459 -0.0855404 0.0354448
0.09508 0.007706 -0.024357 0.131973 -0.0777833 0.0227217
0.068113 0.006679 0.023357 0.140364 -0.0583186 0.0295553
0.09508 0.007706 0.024319 0.144319 -0.0592212 0.0232019
0.068113 0.010061 0.021213 0.11466 -0.0743624 0.03119
-0.129975 0.012583 0.021213 0.109566 -0.0818743 0.0269708
0.068113 0.012696 -0.018236 0.140294 -0.0759341 0.027796
-0.130278 0.017837 -0.015221 0.150112 -0.0817032 0.0433686
0.068113 0.015332 -0.015221 0.145605 -0.0667423 0.0466891
0.09508 0.011696 -0.022285 0.113127 -0.0429552 0.0121724
0.09508 0.011696 0.022248 0.141796 -0.0472251 0.0125672
0.068113 0.015332 0.015184 0.115284 -0.0755877 0.0312322
-0.129975 0.015218 0.018198 0.135435 -0.0683207 0.0341324
0.068113 0.012696 0.018198 0.125957 -0.078502 0.0232005
-0.328669 0.020342 0.015184 0.141251 -0.0765887 0.028262
-0.328366 0.017724 0.018198 0.125664 -0.0723697 0.0284232
-0.130278 0.017837 0.015184 0.151899 -0.071472 0.0324609
-0.328862 0.022004 -0.011583 0.149302 -0.0627092 0.0445565
-0.329054 0.023666 -0.007945 0.14219 -0.0607711 0.0319621
-0.13047 0.019499 -0.011583 0.14335 -0.0759897 0.023392
0.09508 0.014331 -0.01927 0.136745 -0.0672868 0.0233771
0.09508 0.014331 0.019233 0.153837 -0.0756618 0.0266101
0.068113 0.018679 0.007908 0.142661 -0.0973523 0.0307803
-0.130278 0.019511 0.011546 0.149595 -0.0601031 0.0333243
0.068113 0.017006 0.011546 0.128732 -0.0555176 0.0247731
0.068113 0.017006 -0.011583 0.123114 -0.0523338 0.021548
-0.13047 0.021173 -0.007945 0.111692 -0.0836614 0.0284659
0.068113 0.018679 -0.007945 0.128335 -0.0800653 0.0227601
0.09508 0.017493 -0.016074 0.149861 -0.0608191 0.0284668
0.09508 0.017493 0.016037 0.116505 -0.105515 0.0196674
-0.329054 0.023666 0.007908 0.106021 -0.0682941 0.0164878
-0.328862 0.022004 0.011546 0.122588 -0.0840588 0.0241174
-0.13047 0.021173 0.007908 0.13762 -0.0481298 0.0307365
0.09508 0.019167 0.012399 0.141336 -0.0593944 0.0172193
0.09508 0.019167 -0.012436 0.13443 -0.0541544 0.0141642
0.068113 0.019826 -1.9e-05 0.147758 -0.0516899 0.0210014
-0.13047 0.021746 0.003945 0.100531 -0.0886923 0.0253036
0.068113 0.019252 0.003945 0.139711 -0.0787485 0.0229261
0.09508 0.021194 0.008386 0.140324 -0.0615378 0.0238505
-0.130537 0.022316 -1.9e-05 0.106005 -0.0899982 0.0282375
-0.329186 0.024805 -1.9e-05 0.147835 -0.0738527 0.0264712
-0.32912 0.024236 0.003945 0.152401 -0.0668134 0.02922
0.09508 0.021194 -0.008424 0.139876 -0.0455688 0.0290246
0.09508 0.021768 0.004423 0.140644 -0.0591375 0.0135533
-0.287299 0.02428 -1.9e-05 0.15081 -0.0867166 0.0210767
-0.088649 0.02179 -1.9e-05 0.139889 -0.0501792 0.0240838
-0.245412 0.023755 -1.9e-05 0.107715 -0.0815308 0.0183841
-0.088649 0.021217 -0.003982 0.118261 -0.0647869 0.0207868
0.068113 0.019252 -0.003982 0.156535 -0.0658561 0.0329003
0.09508 0.021768 -0.004461 0.123468 -0.0523723 0.0166045
0.09508 0.022467 -1.9e-05 0.173957 -0.0436239 0.0275551
0.243204 -0.009044 -0.023811 0.121661 -0.0695378 0.00535494
0.247112 -0.009044 -0.023811 0.111393 -0.0898937 0.0214411
0.243204 -0.010729 -0.025733 0.147577 -0.0566111 0.0153998
0.247112 -0.010729 -0.025733 0.125276 -0.051798 0.0146961
0.243204 -0.010729 0.025695 0.135507 -0.0333671 0.0138992
0.247112 -0.010729 0.025695 0.1303 -0.0598474 0.0212597
0.243204 -0.009044 0.023773 0.154447 -0.0678734 0.015848
0.247112 -0.007624 -0.021686 0.164026 -0.0691038 0.0193769
0.247112 -0.009044 0.023773 0.120424 -0.0825997 0.0206414
0.243204 -0.006203 -0.01956 0.137038 -0.074701 0.0130358
0.247112 -0.006203 -0.01956 0.133383 -0.0857794 0.019462
0.243204 -0.007624 -0.021686 0.11524 -0.073611 0.00967234
0.243204 -0.007624 0.021648 0.140822 -0.0602446 0.0164227
0.247112 -0.007624 0.021648 0.154162 -0.0562788 0.0302568
0.243204 -0.006203 0.019523 0.135879 -0.0616372 0.0262531
0.247112 -0.005073 -0.017268 0.107151 -0.0685208 0.0107956
0.247112 -0.006203 0.019523 0.157105 -0.0660924 0.0197534
0.243204 -0.003942 -0.014975 0.126167 -0.0675542 0.0274835
0.247112 -0.003942 -0.014975 0.133016 -0.0829125 0.0165259
0.243204 -0.005073 -0.017268 0.15415 -0.0657859 0.0225279
0.243204 -0.005073 0.01723 0.117258 -0.0509012 0.0233959
0.247112 -0.005073 0.01723 0.146286 -0.05861 0.00878914
0.243204 -0.003942 0.014937 0.170156 -0.0538576 0.0236249
0.247112 -0.003121 -0.012555 0.150237 -0.0787712 0.0361245
0.247112 -0.003942 0.014937 0.158525 -0.0691872 0.020404
0.243204 -0.002299 -0.010134 0.127432 -0.0584746 0.0271848
0.247112 -0.002299 -0.010134 0.151003 -0.0708423 0.022695
0.243204 -0.003121 -0.012555 0.128013 -0.0728251 0.0158518
0.247112 -0.002299 0.010096 0.138658 -0.0405081 0.0123429
0.243204 -0.002299 0.010096 0.167999 -0.0545466 0.025191
0.247112 -0.003121 0.012517 0.146071 -0.0605299 0.0135105
0.243204 -0.003121 0.012517 0.160699 -0.064165 0.00799849
0.247112 -0.001801 -0.007627 0.128241 -0.0882085 0.0188432
0.243204 -0.001801 0.00759 0.140449 -0.0658549 0.0242148
0.247112 -0.001801 0.00759 0.129338 -0.0783449 0.0217762
0.243204 -0.001302 0.005083 0.165339 -0.0568366 0.0305008
0.243204 -0.001302 -0.00512 0.147297 -0.0608252 0.00995444
0.247112 -0.001302 -0.00512 0.153249 -0.0592132 0.00988705
0.243204 -0.001801 -0.007627 0.125472 -0.0633541 0.0108843
0.247112 -0.001302 0.005083 0.162993 -0.0766654 0.0182626
0.247112 -0.000968 -1.9e-05 0.142159 -0.0299756 0.0238061
0.243204 -0.000968 -1.9e-05 0.154328 -0.0691679 0.0115109
0.247112 -0.001135 0.002532 0.142861 -0.0628124 0.0193545
0.247112 -0.001135 -0.00257 0.140379 -0.0430479 0.0252332
0.243204 -0.001135 0.002532 0.152858 -0.0622868 0.029168
0.243204 -0.001135 -0.00257 0.166414 -0.0652404 0.03383
-0.027458 -0.042256 0.031134 0.129636 -0.0551909 0.0126566
-0.000491 -0.042256 0.031134 0.169929 -0.0559753 0.0312828
0.182626 -0.010729 -0.025733 0.110101 -0.0616436 0.0170902
0.182626 -0.010729 0.025695 0.179165 -0.048578 0.019081
0.182626 -0.00628 -0.026383 0.143563 -0.0559419 0.0190231
0.182626 -0.00628 0.026345 0.145048 -0.0416633 0.0084245
0.182626 -0.00486 -0.024258 0.149948 -0.0413105 0.0110617
0.182626 -0.00486 0.02422 0.152843 -0.0424685 0.011234
0.182626 -0.000427 -0.023511 0.152352 -0.0244842 0.0145393
0.182626 -0.000427 0.023474 0.115527 -0.0292938 0.00846823
0.182626 0.000704 -0.021219 0.142869 -0.0631399 0.0217334
0.182626 0.000704 0.021181 0.16915 -0.062074 0.00777393
0.182626 0.004694 -0.019147 0.155093 -0.03915 0.00571326
0.182626 0.004694 0.01911 0.168995 -0.0626879 0.0223259
0.182626 0.005515 -0.016726 0.122797 -0.0481386 0.00823923
0.182626 0.005515 0.016689 0.142784 -0.0259392 0.0175667
0.182626 0.008678 -0.01353 0.157601 -0.0544562 0.00154526
0.182626 0.008678 0.013493 -0.112611 -0.0404954 0.0656124
0.182626 0.009176 -0.011023 -0.011088 0.0719042 0.0389726
0.182626 0.009176 0.010986 -0.111097 -0.0606591 0.0578888
0.182626 0.011204 -0.007011 -0.0653951 0.0402148 0.0558265
0.182626 0.011204 0.006974 -0.105537 -0.0624797 0.0538118
0.182626 0.011371 -0.004461 -0.0618036 -0.0599848 0.028255
0.182626 0.011371 0.004423 -0.0822982 -0.0545933 0.0488422
0.182626 0.01207 -1.9e-05 0.043638 -0.0557384 0.0238198
-0.066957 -0.036003 0.242284 0.109584 -0.0673565 0.0165485
-0.074795 -0.036003 0.242284 0.115722 0.00486233 0.0137301
-0.070876 -0.036003 0.2428 -0.04136 0.006008 -0.0336646
-0.082633 -0.036003 0.242284 -0.0394324 0.0309803 0.0580526
-0.078714 -0.036003 0.2428 -0.0396601 0.010379 0.0246954
-0.074795 -0.036003 0.243316 0.0132816 0.102904 0.0146418
-0.071142 -0.036003 0.240772 0.0232874 0.106863 0.0277348
-0.063305 -0.036003 0.240772 -0.0282211 0.045534 0.0286751
-0.059652 -0.036003 0.239259 0.0104896 0.0777433 0.0354837
-0.086286 -0.036003 0.240772 -0.0524496 0.033353 0.0596988
-0.074795 -0.036003 0.239259 -0.0849536 -0.015975 0.0724796
-0.089938 -0.036003 0.239259 -0.132499 -0.0905427 0.0578716
-0.071659 -0.036003 0.236852 -0.134437 -0.0679648 0.0532867
-0.056516 -0.036003 0.236852 -0.128267 -0.0634878 0.0520285
-0.05338 -0.036003 0.234446 -0.124121 -0.0686363 0.0711935
-0.093074 -0.036003 0.236852 -0.0980544 -0.0501092 0.0445528
-0.074795 -0.036003 0.234446 -0.126541 -0.0611941 0.0306989
-0.096209 -0.036003 0.234446 0.127567 0.073771 -0.00460498
-0.072388 -0.036003 0.23131 0.135711 -0.0349993 0.0133639
-0.050973 -0.036003 0.23131 0.113874 0.0847061 0.00757341
-0.048567 -0.036003 0.228174 -0.051258 -0.0581108 0.0315912
-0.085682 -0.036003 0.231449 -0.0965235 -0.0740178 0.0358992
-0.061862 -0.036003 0.228313 -0.0946505 -0.0739047 0.0342266
-0.075156 -0.036003 0.228452 0.113506 -0.09434 0.0237913
-0.073234 -0.036003 0.228199 0.0310578 -0.0491198 0.0235397
-0.05994 -0.036003 0.22806 0.111128 -0.0840889 0.0312698
-0.071312 -0.036003 0.227946 0.137405 0.0779068 -0.0133147
-0.08809 -0.036003 0.228313 0.138082 -0.075914 0.0252514
-0.101023 -0.036003 0.228174 0.123866 -0.0696362 0.0245277
-0.098616 -0.036003 0.23131 -0.0174258 0.0344247 0.0151831
-0.058427 -0.036003 0.224408 -0.0985065 -0.0760761 0.036006
-0.047054 -0.036003 0.224522 -0.0443518 -0.00959977 -0.000231596
-0.045542 -0.036003 0.22087 0.00173073 0.012664 0.0117554
-0.075156 -0.036003 0.227946 -0.00763476 0.04084 -0.0366674
-0.079 -0.036003 0.227946 -0.125793 -0.0714512 0.0726594
-0.077078 -0.036003 0.228199 -0.027021 0.0516958 0.0720254
-0.090011 -0.036003 0.22806 -0.00471701 0.0880211 0.0687181
-0.069521 -0.036003 0.227204 0.0201996 0.0756972 0.0118568
-0.056636 -0.036003 0.223666 -0.00659578 0.0771714 0.0513711
-0.06773 -0.036003 0.226462 0.00831587 0.0777263 0.00552844
-0.073365 -0.036003 0.227204 -0.0141266 0.0665398 0.0462928
-0.10185 -0.036003 0.226177 -0.0194176 0.0555283 0.0622714
-0.090839 -0.036003 0.226063 0.017512 0.0940866 0.0266848
-0.102677 -0.036003 0.22418 -0.0392012 0.0416173 0.0656493
-0.066192 -0.036003 0.225282 -0.0433117 0.0406414 0.0645633
-0.055098 -0.036003 0.222486 -0.0876066 -0.0292535 0.0568514
-0.064654 -0.036003 0.224102 -0.0517498 0.0283162 0.0683335
-0.080791 -0.036003 0.227204 -0.0405583 0.0301973 0.0717195
-0.075156 -0.036003 0.226462 -0.10189 -0.0375142 0.0491649
-0.082582 -0.036003 0.226462 -0.0989369 -0.0404585 0.0362058
-0.09263 -0.036003 0.225321 -0.117045 -0.0535579 0.0613292
-0.063474 -0.036003 0.222564 -0.130133 -0.0720336 0.0636285
-0.053918 -0.036003 0.220948 -0.132293 -0.0623932 0.0303676
-0.062294 -0.036003 0.221026 -0.129705 -0.065759 0.0438304
-0.085657 -0.036003 0.224102 -0.113253 -0.0566623 0.0303157
-0.076693 -0.036003 0.225282 -0.128605 -0.0785133 0.0473541
-0.075156 -0.036003 0.224102 0.0968389 0.0473043 -0.0250669
-0.08412 -0.036003 0.225282 0.151516 -0.0365159 0.00775854
-0.094167 -0.036003 0.224141 0.176127 -0.0511434 -0.00534601
-0.061552 -0.036003 0.219235 0.155703 -0.0279573 0.0116097
-0.053176 -0.036003 0.219157 0.106692 0.0896718 -0.0172364
-0.06081 -0.036003 0.217444 0.17198 -0.0324641 0.00617719
-0.073976 -0.036003 0.222564 -0.110761 -0.0626037 0.0340138
-0.103363 -0.036003 0.222525 -0.0927792 -0.0692952 0.0319516
-0.094853 -0.036003 0.222486 -0.0733856 -0.0619898 0.00970081
-0.104048 -0.036003 0.22087 -0.054941 -0.0653818 0.0282836
-0.05266 -0.036003 0.215238 0.0932414 -0.0962869 0.0329559
-0.045026 -0.036003 0.21695 0.0636769 -0.0618284 0.0198074
-0.04451 -0.036003 0.213031 0.1124 -0.045837 0.0248942
-0.088018 -0.036003 0.221026 0.140686 0.0801395 -0.0177693
-0.075156 -0.036003 0.221026 0.11532 -0.0624156 0.034002
-0.074414 -0.036003 0.219235 0.14432 -0.0660669 0.0242192
-0.086837 -0.036003 0.222564 0.115594 -0.0247249 0.0128316
-0.096033 -0.036003 0.220948 -0.0787841 -0.0861116 0.00843199
-0.060558 -0.036003 0.215522 -0.0485287 0.0355768 0.071068
-0.052407 -0.036003 0.213315 -0.0055819 0.0653201 0.039772
-0.060305 -0.036003 0.2136 -0.0982637 -0.0200804 0.0561304
-0.088424 -0.036003 0.220047 -0.00288981 0.0738835 0.0572463
-0.07482 -0.036003 0.218256 0.0372416 0.0829986 0.0301648
-0.088829 -0.036003 0.219068 -0.00584811 0.0715284 0.0391245
-0.096439 -0.036003 0.219969 -0.0214866 0.0661011 0.0477517
-0.060558 -0.036003 0.211678 -0.0233572 0.0564175 0.026985
-0.05266 -0.036003 0.211394 -0.0144184 0.0578612 0.0435187
-0.06081 -0.036003 0.209757 -0.0184487 0.0750841 0.0584852
-0.089501 -0.036003 0.217444 -0.0292661 0.0411374 0.0322328
-0.075156 -0.036003 0.217444 -0.0140491 0.0612789 0.046232
-0.074903 -0.036003 0.215522 0.0198662 0.0911433 0.0399028
-0.089165 -0.036003 0.218256 -0.0335754 0.0381487 0.0476615
-0.104564 -0.036003 0.21695 -0.0184517 0.0564078 0.0662106
-0.096954 -0.036003 0.21605 -0.0151827 0.0325507 0.041902
-0.10508 -0.036003 0.213031 -0.044124 0.0387322 0.0664011
-0.053176 -0.036003 0.207475 -0.0314779 0.0493452 0.0512925
-0.045026 -0.036003 0.209112 -0.0470762 0.0331623 0.0484449
-0.045542 -0.036003 0.205193 -0.0315875 0.0163602 0.0486262
-0.090007 -0.036003 0.2136 -0.0418256 0.0247538 0.0605316
-0.075156 -0.036003 0.2136 -0.0605532 0.0289548 0.0688879
-0.075409 -0.036003 0.211678 -0.0977029 -0.0272693 0.0413151
-0.089754 -0.036003 0.215522 -0.0578838 0.0200646 0.047909
-0.097291 -0.036003 0.215238 -0.0550291 0.015074 0.0493817
-0.061552 -0.036003 0.207966 -0.135054 -0.0781567 0.0255488
-0.053918 -0.036003 0.205683 -0.121327 -0.0623085 0.0363116
-0.062294 -0.036003 0.206174 0.114162 0.0672885 -0.0150464
-0.089754 -0.036003 0.211678 0.160169 -0.0380882 -0.00275475
-0.075156 -0.036003 0.209757 0.152491 -0.0442696 0.0168304
-0.089501 -0.036003 0.209757 0.150135 -0.0161862 0.0141874
-0.097544 -0.036003 0.213315 0.10771 0.0800855 0.00737961
-0.063474 -0.036003 0.204637 0.166753 -0.021166 0.0131023
-0.055098 -0.036003 0.204146 -0.106713 -0.0783948 0.0509641
-0.064654 -0.036003 0.203099 -0.119509 -0.0735395 0.0377356
-0.075898 -0.036003 0.207966 -0.109419 -0.0566133 0.0309606
-0.097291 -0.036003 0.211394 0.122305 -0.0142554 0.016043
-0.056611 -0.036003 0.200494 -0.0994872 -0.051696 0.0366883
-0.047054 -0.036003 0.201541 0.110609 -0.0703704 0.0346329
-0.048567 -0.036003 0.197889 0.0469672 -0.0550975 0.0191027
-0.088018 -0.036003 0.206174 0.0989109 -0.0898332 0.048942
-0.075156 -0.036003 0.206174 0.114116 0.0671125 -0.0114566
-0.076336 -0.036003 0.204637 0.16616 -0.0492897 0.0413718
-0.088759 -0.036003 0.207966 0.100328 -0.0473112 0.00640277
-0.104564 -0.036003 0.209112 -0.0406258 0.0450049 0.073387
-0.096774 -0.036003 0.207475 0.00140511 0.0697431 0.0346559
-0.104048 -0.036003 0.205193 -0.0431699 0.03634 0.0720894
-0.066192 -0.036003 0.201919 -0.0612643 0.0253678 0.0845957
-0.058148 -0.036003 0.199314 -0.0909652 -0.0216245 0.0672271
-0.06773 -0.036003 0.200739 -0.0231347 0.0402053 0.0692475
-0.086837 -0.036003 0.204637 0.0575189 0.0968025 0.013187
-0.075156 -0.036003 0.203099 -0.00462125 0.0794185 0.051714
-0.085657 -0.036003 0.203099 -0.0166861 0.072471 0.0500789
-0.096033 -0.036003 0.205683 -0.0170535 0.0754235 0.039698
-0.069521 -0.036003 0.199997 -0.0152052 0.0789292 0.0478188
-0.05994 -0.036003 0.198572 -0.0378228 0.0521659 0.0551048
-0.071312 -0.036003 0.199255 -0.0258931 0.0674768 0.0438257
-0.076693 -0.036003 0.201919 -0.0300769 0.0597227 0.0428352
-0.094853 -0.036003 0.204146 -0.0233279 0.0662087 0.039277
-0.073234 -0.036003 0.199002 -0.0279714 0.0611105 0.0430627
-0.061862 -0.036003 0.198319 -0.0266744 0.0589638 0.0323025
-0.075156 -0.036003 0.198749 -0.0264187 0.0519626 0.0482718
-0.082582 -0.036003 0.200739 -0.032023 0.0439007 0.0516458
-0.075156 -0.036003 0.200739 -0.0368582 0.0424172 0.0269513
-0.076947 -0.036003 0.199997 -0.0208092 0.0353719 0.0512925
-0.08412 -0.036003 0.201919 -0.0317121 0.0508633 0.0651859
-0.102536 -0.036003 0.201541 -0.0281678 0.0396398 0.0662494
-0.09334 -0.036003 0.200494 -0.0333488 0.0502905 0.0687546
-0.101023 -0.036003 0.197889 -0.0426431 0.0271052 0.0592137
-0.08809 -0.036003 0.198319 -0.0266618 0.0231285 0.0529444
-0.074795 -0.036003 0.197889 -0.0497841 0.0352391 0.0626307
-0.079 -0.036003 0.199255 -0.0342537 0.0326501 0.0536029
-0.075156 -0.036003 0.199255 -0.0581118 0.0232192 0.0337819
-0.077078 -0.036003 0.199002 -0.0356782 0.0337196 0.0682607
-0.080791 -0.036003 0.199997 -0.0797269 -0.020485 0.0581199
-0.091803 -0.036003 0.199314 -0.0631822 0.0149345 0.0700459
-0.090011 -0.036003 0.198572 -0.0658548 0.0207022 0.0665064
-0.077202 -0.036003 0.194753 0.138565 -0.0274322 0.00312144
-0.050973 -0.036003 0.194753 0.136777 -0.0415164 0.0132826
-0.05338 -0.036003 0.191617 0.109103 0.071281 0.0118413
-0.098616 -0.036003 0.194753 0.104607 -0.0301888 -0.000213649
-0.074795 -0.036003 0.191617 0.030872 -0.0239813 0.0231944
-0.096209 -0.036003 0.191617 0.0715273 0.0519249 -0.0145562
-0.093074 -0.036003 0.189211 0.0898945 -0.046733 0.0228368
-0.071659 -0.036003 0.189211 0.11563 -0.037795 0.0158602
-0.089938 -0.036003 0.186804 0.0246316 -0.0443391 0.0206619
-0.074795 -0.036003 0.186804 0.114721 -0.0516437 0.035266
-0.056516 -0.036003 0.189211 -0.0309992 0.0476769 0.0531676
-0.059652 -0.036003 0.186804 0.00371015 0.0764669 0.0374897
-0.086286 -0.036003 0.185291 -0.0362514 0.0477991 0.067288
-0.071142 -0.036003 0.185291 -0.0544403 0.0404763 0.0655366
-0.082633 -0.036003 0.183778 -0.0353036 0.0485186 0.0632016
-0.074795 -0.036003 0.183778 -0.0460974 0.0410917 0.0629948
-0.063305 -0.036003 0.185291 -0.0492739 0.0260678 0.073088
-0.066957 -0.036003 0.183778 -0.0685264 -0.00345181 0.0714528
-0.078714 -0.036003 0.183262 -0.0366541 0.0452169 0.0736584
-0.070876 -0.036003 0.183262 -0.0539886 0.0336872 0.051097
-0.074795 -0.036003 0.182747 -0.0547459 0.0339257 0.0699757
-0.013598 -0.042256 -0.367933 -0.028265 0.0428379 0.0741297
-0.068313 -0.042256 -0.199758 0.008384 0.0715796 0.00940538
-0.068313 -0.042256 -0.359726 -0.0170284 0.0634654 0.031241
0.054225 -0.042256 -0.199347 -0.0184225 0.0774046 0.0607566
-0.129283 -0.042256 0.351518 -0.0221433 0.0617006 0.0541176
-0.126156 -0.039129 0.351518 -0.0192726 0.071791 0.059244
-0.126156 -0.042256 0.351518 -0.0225011 0.076081 0.0618211
-0.11979 -0.036003 0.284761 -0.0406515 0.052678 0.0529946
-0.116551 -0.036003 0.218004 -0.0269447 0.0386151 0.0426428
-0.11979 -0.036003 0.124363 -0.0242811 0.063571 0.067544
0.120563 -0.036003 -0.03445 -0.0315428 0.0541389 0.0597051
0.052741 -0.039129 -0.203036 -0.0450326 0.043062 0.0598604
0.054225 -0.039129 -0.199347 -0.0313427 0.0584789 0.053939
-0.109555 -0.036003 -0.100162 -0.0481749 0.0300456 0.04512
0.011499 -0.036003 -0.103852 -0.0335995 0.0515928 0.0584087
-0.096081 -0.036003 -0.169564 -0.0481907 0.0372839 0.0702548
-0.120498 -0.036003 -0.119117 -0.0524287 0.048616 0.0651678
-0.117967 -0.036003 -0.207473 -0.0303301 0.0454464 0.0472137
-0.120498 -0.036003 -0.279496 -0.0238648 0.0292378 0.0507223
-0.129283 -0.036003 -0.351518 -0.03797 0.0271232 0.0547351
-0.126156 -0.039129 -0.351518 -0.0392077 0.0580307 0.0725402
-0.126156 -0.036003 -0.351518 -0.0377129 0.0299183 0.0506167
-0.071441 -0.042256 -0.367933 -0.0550418 0.0287563 0.0513074
-0.126156 -0.042256 -0.359726 -0.0499888 0.0421498 0.0554481
-0.129283 -0.042256 -0.367933 -0.0457361 0.0394758 0.0708763
-0.100647 -0.036003 0.100041 -0.0693377 0.0179867 0.0553353
-0.078265 -0.036003 0.16936 -0.0552639 0.0227628 0.0700933
0.020407 -0.036003 0.103731 -0.0413107 0.0358412 0.0691431
-0.126156 -0.036003 0.351518 -0.0586175 0.026879 0.067628
-0.129283 -0.039129 0.351518 -0.0474614 0.0357851 0.0852843
-0.129283 -0.036003 0.351518 -0.0558991 0.017749 0.0451445
-0.115141 -0.036003 0.223541 -0.0769044 -0.0171028 0.0539972
-0.11838 -0.036003 0.290297 -0.0670929 0.015806 0.0634082
-0.11373 -0.036003 0.229077 -0.0735756 0.0224753 0.072621
-0.11972 -0.036003 0.11865 0.148272 -0.0429569 0.0247474
-0.116481 -0.036003 0.212291 0.0675713 0.0658055 -0.0219932
-0.11641 -0.036003 0.206578 0.14693 -0.0115682 0.0150779
0.054225 -0.039129 0.199327 0.141207 -0.0637956 0.0470486
-0.013598 -0.042256 0.367933 0.0880941 0.0623698 -0.000323388
0.054225 -0.042256 0.199327 0.132787 -0.0448076 0.0258134
0.052741 -0.039129 0.203018 0.0389923 -0.0411986 0.0204062
0.120563 -0.036003 0.034412 0.099826 -0.0419881 0.0294239
-0.068313 -0.039129 -0.359726 0.119994 -0.0616077 0.0385641
-0.001975 -0.036003 -0.194828 0.108862 -0.0600926 0.0334071
-0.090803 -0.036003 -0.167378 0.0261927 -0.0452132 0.0335335
0.016778 -0.036003 -0.101665 0.120284 -0.0505329 0.0294631
-0.085524 -0.036003 -0.165191 -0.0355245 0.0629637 0.0657502
-0.114088 -0.036003 -0.103641 0.00999569 0.0758441 0.0421508
-0.100614 -0.036003 -0.173042 -0.0477807 0.0371957 0.070029
-0.105147 -0.036003 -0.176521 -0.029979 0.0538183 0.0673612
-0.119752 -0.036003 -0.113452 -0.0373426 0.045471 0.0547946
-0.116475 -0.036003 -0.196144 -0.0556142 0.0421605 0.0567506
-0.117221 -0.036003 -0.201809 -0.0450363 0.0392445 0.0706074
-0.119752 -0.036003 -0.28516 -0.0468109 0.0398006 0.0703741
-0.117221 -0.036003 -0.213137 -0.0638132 0.0250369 0.0784296
-0.116475 -0.036003 -0.218802 -0.0565549 0.0379721 0.0668823
-0.126156 -0.042256 -0.351518 -0.0630645 0.0217898 0.0766039
-0.129283 -0.039129 -0.351518 -0.0832335 -0.0200185 0.0571038
-0.129283 -0.042256 -0.351518 -0.066738 0.0182564 0.0516059
-0.071441 -0.039129 -0.359726 -0.0543078 0.0293611 0.0701822
-0.129283 -0.042256 -0.359726 -0.068983 0.0142742 0.0743662
-0.129283 -0.036003 -0.367933 -0.0586484 0.0315244 0.0453812
-0.071441 -0.039129 -0.367933 -0.0558978 0.0338024 0.069165
-0.129283 -0.039129 -0.367933 -0.0641912 0.0204396 0.0445188
-0.106184 -0.036003 0.101452 -0.0422654 0.0345359 0.0788349
-0.089338 -0.036003 0.172181 0.0307634 0.0792838 0.033461
-0.083802 -0.036003 0.17077 -0.0254609 0.0695982 0.0596724
-0.073086 -0.036003 0.169424 -0.0251571 0.068721 0.0459501
0.022997 -0.036003 0.103763 -0.0283447 0.0643081 0.0464776
-0.075676 -0.036003 0.169392 -0.00234445 0.0811155 0.0570995
-0.129283 -0.039129 0.359726 -0.0206319 0.0631681 0.0491323
-0.129283 -0.036003 0.367933 -0.0189818 0.0762321 0.0451923
-0.129283 -0.036003 0.359726 -0.0341785 0.0554533 0.0462314
-0.126156 -0.036003 0.359726 -0.040354 0.0505863 0.0517085
-0.110934 -0.036003 0.23406 -0.0172287 0.072205 0.0668807
-0.115584 -0.036003 0.295281 -0.0364595 0.0551993 0.0640065
-0.108139 -0.036003 0.239043 -0.0329599 0.0549437 0.0366756
-0.118173 -0.036003 0.11315 -0.03825 0.0329155 0.0398617
-0.114864 -0.036003 0.201078 -0.0211937 0.0642907 0.055259
-0.113317 -0.036003 0.195577 -0.040954 0.0539221 0.0548155
-0.005102 -0.036003 0.203018 -0.0290087 0.0459841 0.0644931
-0.071441 -0.039129 0.367933 -0.0318503 0.0484453 0.054549
-0.036286 -0.036003 -0.229359 -0.0335321 0.0489822 0.0532874
0.041397 -0.036003 -0.133749 -0.0485294 0.0429256 0.058452
-0.079657 -0.036003 -0.290438 -0.0339722 0.0454128 0.0668677
-0.079859 -0.036003 -0.164446 -0.0436057 0.0280578 0.038677
0.022443 -0.036003 -0.10092 -0.0422675 0.0471179 0.0699213
-0.074194 -0.036003 -0.1637 -0.0250098 0.0491954 0.066715
-0.074194 -0.036003 -0.165191 -0.0552944 0.0327205 0.0736647
-0.062865 -0.036003 -0.165191 -0.0399097 0.0546626 0.0721094
-0.079473 -0.036003 -0.167378 -0.0513947 0.0377555 0.0510053
-0.073943 -0.036003 -0.176248 -0.0562618 0.020283 0.0411082
-0.089545 -0.036003 -0.176385 -0.0520807 0.0356252 0.0459764
-0.085012 -0.036003 -0.172906 -0.0433675 0.049658 0.0648781
-0.117566 -0.036003 -0.108173 -0.0355967 0.0440009 0.0820253
-0.108625 -0.036003 -0.181054 -0.0403546 0.0356092 0.0635838
-0.112103 -0.036003 -0.185586 -0.056634 0.0445682 0.0707755
-0.114289 -0.036003 -0.190865 -0.0470689 0.0388505 0.0625613
-0.109932 -0.036003 -0.197493 -0.0487318 0.0425737 0.0689342
-0.103389 -0.036003 -0.198842 -0.0403742 0.0469489 0.0726896
-0.110678 -0.036003 -0.203157 -0.0621533 0.0226408 0.0729915
-0.110678 -0.036003 -0.211048 -0.0444056 0.0211417 0.0569688
-0.103389 -0.036003 -0.214623 -0.0569498 0.0249518 0.0398522
-0.109932 -0.036003 -0.216713 -0.0530155 0.0289386 0.0847001
-0.117566 -0.036003 -0.290438 -0.0690436 0.0164443 0.0798631
-0.114289 -0.036003 -0.224081 -0.0933652 -0.0227722 0.0510943
-0.112103 -0.036003 -0.229359 -0.0402543 0.0342842 0.056949
-0.129283 -0.039129 -0.359726 -0.0717612 0.00717345 0.0629633
-0.129283 -0.036003 -0.359726 0.139371 -0.0193938 0.0158535
-0.111166 -0.036003 0.104247 0.0926708 0.0797327 -0.0123584
-0.099303 -0.036003 0.177772 0.164901 -0.0255827 0.017042
-0.094321 -0.036003 0.174977 0.111187 -0.0360372 0.0312933
-0.066839 -0.036003 0.1695 0.0532606 0.0702447 -0.0114188
0.02612 -0.036003 0.103801 0.151145 -0.0421993 0.0317278
-0.069962 -0.036003 0.169462 0.0168353 -0.0347953 0.0215041
-0.129283 -0.039129 0.367933 0.130256 -0.0464549 0.0300115
-0.129283 -0.042256 0.359726 0.112677 -0.0568228 0.0155629
-0.129283 -0.042256 0.367933 0.120894 -0.0551466 0.0344654
-0.001975 -0.036003 0.19481 0.0311894 -0.0263456 0.00773364
-0.071441 -0.042256 0.367933 0.101866 -0.0637298 0.0424297
-0.104149 -0.036003 0.243132 0.0280413 0.0798458 0.00657554
-0.111594 -0.036003 0.29937 -0.0312141 0.0659066 0.0703993
-0.100159 -0.036003 0.247221 -0.0250987 0.059346 0.0687536
-0.115256 -0.036003 0.108238 -0.0300268 0.0589651 0.0436034
-0.1104 -0.036003 0.190665 -0.0280505 0.0483013 0.073227
-0.107482 -0.036003 0.185753 -0.0376233 0.0518288 0.0675056
-0.031913 -0.036003 -0.218802 -0.0147229 0.0519837 0.0674664
0.043583 -0.036003 -0.12847 -0.0366656 0.0462055 0.0743227
-0.034099 -0.036003 -0.224081 -0.0313015 0.0422641 0.0680021
-0.039764 -0.036003 -0.233892 -0.0523901 0.035385 0.0705032
-0.083136 -0.036003 -0.294972 -0.0720967 0.0213715 0.0789518
-0.043242 -0.036003 -0.238425 -0.0415289 0.0473693 0.0764968
0.028107 -0.036003 -0.101665 -0.037533 0.0435196 0.0692018
-0.068529 -0.036003 -0.164446 -0.0546902 0.0321435 0.0775958
-0.074194 -0.036003 -0.169564 -0.0899535 -0.0311652 0.0582713
-0.057586 -0.036003 -0.167378 -0.0536762 0.0291267 0.0721035
-0.052308 -0.036003 -0.169564 -0.0476721 0.030285 0.0587873
-0.09349 -0.036003 -0.176904 -0.0708843 0.0129831 0.0355959
-0.077888 -0.036003 -0.176767 -0.0554854 0.0267644 0.0701318
-0.081833 -0.036003 -0.177287 -0.0245196 0.0384632 0.0739306
-0.069662 -0.036003 -0.173042 -0.0622148 0.027479 0.0406827
-0.043242 -0.036003 -0.176521 -0.0626464 0.0299639 0.0491064
-0.058592 -0.036003 -0.176385 -0.034579 0.0435196 0.0554275
-0.096968 -0.036003 -0.181437 -0.0671731 0.0181087 0.0762739
-0.106223 -0.036003 -0.188538 -0.0221576 0.0611885 0.0381819
-0.100343 -0.036003 -0.19149 -0.0302123 0.0554292 0.0560029
-0.108409 -0.036003 -0.193817 -0.0370956 0.0578075 0.0589988
-0.101866 -0.036003 -0.195166 -0.015708 0.0715498 0.0557343
-0.111197 -0.036003 -0.207102 -0.0341487 0.0617668 0.0816324
-0.103908 -0.036003 -0.202787 -0.0295861 0.0670782 0.0654514
-0.104427 -0.036003 -0.206732 -0.0338173 0.0626143 0.0636863
-0.103908 -0.036003 -0.210678 -0.0339153 0.0630513 0.0704925
-0.108409 -0.036003 -0.220388 -0.0356511 0.0497 0.0464514
-0.101866 -0.036003 -0.218299 -0.0341698 0.0622937 0.0638741
-0.100343 -0.036003 -0.221975 -0.0355201 0.0601387 0.0659876
-0.106223 -0.036003 -0.225667 -0.053603 0.0412816 0.0632444
-0.114088 -0.036003 -0.294972 -0.0342949 0.0475586 0.0621144
-0.108625 -0.036003 -0.233892 -0.0438236 0.0598435 0.0639632
-0.105147 -0.036003 -0.238425 -0.0370205 0.0476597 0.0444489
-0.103393 -0.036003 0.181762 -0.0400907 0.054047 0.0705401
-0.055838 -0.036003 0.172594 -0.0336575 0.0565468 0.0703932
0.031621 -0.036003 0.105348 -0.0264931 0.0583487 0.0592934
-0.061338 -0.036003 0.171047 -0.0420182 0.0517789 0.0727862
-0.08086 -0.036003 0.295708 -0.0536535 0.0451774 0.0535846
0.040195 -0.036003 0.139 -0.038858 0.0348897 0.0541033
-0.03869 -0.036003 0.239898 -0.0474385 0.0484709 0.0550936
-0.095246 -0.036003 0.250139 -0.0291806 0.0522069 0.053972
-0.106682 -0.036003 0.302287 -0.0297377 0.051239 0.0406918
-0.090334 -0.036003 0.253057 -0.0334363 0.0528429 0.0720761
-0.030421 -0.036003 -0.207473 -0.0509929 0.0460017 0.0727099
0.044329 -0.036003 -0.122806 -0.0481786 0.0422483 0.0740683
-0.031167 -0.036003 -0.213137 -0.0481475 0.0499664 0.0699022
-0.047543 -0.036003 -0.221975 -0.0509421 0.0487549 0.0685786
-0.039728 -0.036003 -0.220388 -0.0489278 0.0309395 0.0591263
-0.041915 -0.036003 -0.225667 -0.048983 0.0384549 0.0621111
-0.047775 -0.036003 -0.241903 -0.053974 0.0322561 0.0311701
-0.087668 -0.036003 -0.298449 -0.0546713 0.0289628 0.0543099
-0.052308 -0.036003 -0.245381 -0.0424791 0.0383731 0.0613689
-0.058701 -0.036003 -0.233133 -0.0499144 0.0408999 0.0699883
-0.047494 -0.036003 -0.231246 -0.0613009 0.0283814 0.0401952
-0.050972 -0.036003 -0.235779 -0.0686563 0.025235 0.0482593
0.033385 -0.036003 -0.103852 -0.0663639 0.0283092 0.0459382
-0.047775 -0.036003 -0.173042 -0.0527679 0.0203313 0.0769619
-0.066053 -0.036003 -0.177287 0.123638 -0.0533829 0.0289417
-0.073943 -0.036003 -0.177287 0.0777736 0.0670892 0.00234964
-0.069998 -0.036003 -0.176767 0.128823 -0.023995 0.0196953
-0.054648 -0.036003 -0.176904 0.145957 -0.0456536 0.0133047
-0.100644 -0.036003 -0.182959 0.0522917 0.0318077 -0.0229509
-0.085509 -0.036003 -0.17881 0.142541 -0.0547872 0.023414
-0.089185 -0.036003 -0.180332 0.120814 -0.0518413 0.026482
-0.103801 -0.036003 -0.185382 -0.0302332 0.0631827 0.058679
-0.095499 -0.036003 -0.185177 -0.0180633 0.0724383 0.0720505
-0.097921 -0.036003 -0.188333 -0.0440702 0.0501971 0.0648911
-0.091287 -0.036003 -0.192255 -0.0410094 0.0515797 0.0835745
-0.082231 -0.036003 -0.19302 -0.027736 0.05404 0.064251
-0.09281 -0.036003 -0.195931 -0.0555988 0.0363121 0.0729656
-0.096452 -0.036003 -0.200678 -0.0283755 0.0583062 0.0800367
-0.089515 -0.036003 -0.202513 -0.0472641 0.0372124 0.0508464
-0.096971 -0.036003 -0.204622 -0.0492385 0.0443661 0.0683654
-0.096971 -0.036003 -0.208668 -0.042904 0.047664 0.0759459
-0.089515 -0.036003 -0.210605 -0.0270759 0.0457945 0.0515411
-0.096452 -0.036003 -0.212614 -0.0430692 0.0394124 0.0617413
-0.094429 -0.036003 -0.216118 -0.041713 0.0346922 0.0756058
-0.085469 -0.036003 -0.217613 -0.0214164 0.0717188 0.0622749
-0.092906 -0.036003 -0.219794 -0.0164197 0.0737379 0.0585776
-0.103801 -0.036003 -0.228824 -0.0289418 0.0549504 0.0323145
-0.097921 -0.036003 -0.225131 -0.0298901 0.059297 0.0575095
-0.095499 -0.036003 -0.228288 -0.0411919 0.0617898 0.0525317
-0.100644 -0.036003 -0.231246 -0.0378851 0.0592951 0.0573715
-0.089185 -0.036003 -0.233133 -0.0223817 0.0672474 0.0729334
-0.097166 -0.036003 -0.235779 -0.0330186 0.0627755 0.0566873
-0.109555 -0.036003 -0.298449 -0.0300277 0.0493612 0.0373107
-0.100614 -0.036003 -0.241903 -0.0297185 0.0461303 0.0493839
-0.096081 -0.036003 -0.245381 -0.0422528 0.0596736 0.0583762
-0.046013 -0.036003 0.178429 -0.0274068 0.0529655 0.0623204
0.036533 -0.036003 0.108266 -0.0224907 0.0526337 0.0629606
-0.050925 -0.036003 0.175511 -0.0453529 0.0604795 0.0614234
-0.035772 -0.036003 0.234986 -0.0470535 0.0572334 0.0600297
0.043112 -0.036003 0.134088 -0.0319284 0.0483678 0.0758509
-0.032855 -0.036003 0.230073 -0.032734 0.0539499 0.0675636
-0.084948 -0.036003 0.299698 -0.0420135 0.0442125 0.0397452
-0.042779 -0.036003 0.243888 -0.0385958 0.0485894 0.0742603
-0.046868 -0.036003 0.247878 -0.0430999 0.0265292 0.0694117
-0.084834 -0.036003 0.254603 -0.0264202 0.0433144 0.0528975
-0.101181 -0.036003 0.303834 -0.0428179 0.0441681 0.0809047
-0.079333 -0.036003 0.25615 0.147288 -0.0418425 0.00901444
-0.031913 -0.036003 -0.196144 -0.0144163 0.063391 0.0533487
0.043583 -0.036003 -0.117142 -0.0401944 0.0567094 0.0860473
-0.031167 -0.036003 -0.201809 -0.031208 0.0633464 0.0759303
-0.044497 -0.036003 -0.214623 -0.039093 0.0545811 0.0819619
-0.037459 -0.036003 -0.211048 -0.0326698 0.0465376 0.0477102
-0.038205 -0.036003 -0.216713 -0.0207582 0.0618683 0.0640458
-0.04602 -0.036003 -0.218299 -0.0323548 0.0531232 0.0778783
-0.049965 -0.036003 -0.225131 -0.0101198 0.0551621 0.0490388
-0.044337 -0.036003 -0.228824 -0.0967143 -0.0481223 0.0433774
-0.052387 -0.036003 -0.228288 -0.135236 -0.0704745 0.0483814
-0.057586 -0.036003 -0.247568 -0.0599406 -0.0325028 -0.0159739
-0.092947 -0.036003 -0.300636 -0.0434406 -0.0251353 -0.0337374
-0.062865 -0.036003 -0.249754 -0.0828338 -0.0738954 -0.0169284
-0.074194 -0.036003 -0.238425 -0.01605 0.00213279 -0.0270306
-0.078728 -0.036003 -0.241903 -0.0427889 -0.0479217 -0.0209317
-0.055544 -0.036003 -0.23071 -0.0548045 -0.0305401 -0.0337903
-0.062377 -0.036003 -0.234656 -0.0533288 -0.0374712 -0.0285155
-0.054648 -0.036003 -0.237302 -0.053126 -0.052825 -0.0160186
-0.066053 -0.036003 -0.236178 -0.0357155 -0.0242877 -0.0268627
0.037919 -0.036003 -0.10733 -0.0483586 -0.0331609 -0.0333511
-0.070267 -0.036003 -0.17881 -0.0265643 0.00377787 -0.0266368
-0.062377 -0.036003 -0.17881 -0.0116537 -0.00766338 -0.0263532
-0.058701 -0.036003 -0.180332 -0.0412836 0.00245617 -0.0156642
-0.05117 -0.036003 -0.181437 0.035793 0.0713238 -0.0309876
-0.039764 -0.036003 -0.181054 -0.0101848 0.0135077 -0.0406529
-0.036286 -0.036003 -0.185586 -0.0262845 0.00207853 -0.0278552
-0.073943 -0.036003 -0.180332 -0.0421015 0.00992058 -0.0152415
-0.092342 -0.036003 -0.182754 -0.0357691 -0.00938932 -0.0270391
-0.074415 -0.036003 -0.190925 -0.0329783 -0.0446183 -0.0207436
-0.087379 -0.036003 -0.191208 0.000983612 0.0169768 0.000874052
-0.084957 -0.036003 -0.188051 -0.0677427 -0.0583914 -0.0243703
-0.089402 -0.036003 -0.191474 -0.0200559 0.0025966 -0.0446736
-0.078461 -0.036003 -0.191458 -0.0508465 -0.030485 0.0153425
-0.080346 -0.036003 -0.192239 -0.0367826 0.00789049 -0.00631858
-0.094429 -0.036003 -0.197173 -0.0376932 -0.0485078 -0.0239763
-0.08385 -0.036003 -0.194262 -0.0376607 -0.0118925 -0.012362
-0.085469 -0.036003 -0.195504 -0.0298632 0.00842023 -0.00999549
-0.095671 -0.036003 -0.198792 -0.0448037 -0.0132037 0.00887567
-0.087954 -0.036003 -0.198742 -0.0186975 -0.0100254 -0.0148977
-0.088734 -0.036003 -0.200628 -0.0147363 0.00274023 -0.0409807
-0.097238 -0.036003 -0.206645 -0.0125233 -0.00521676 -0.0367069
-0.089782 -0.036003 -0.204536 -0.0399465 -0.00591189 -0.00103421
-0.090048 -0.036003 -0.206559 -0.0656367 -0.0578942 0.00787752
-0.089782 -0.036003 -0.208582 -0.033065 -0.0417661 -0.0308514
-0.095671 -0.036003 -0.214499 -0.0170129 -0.0192306 -0.0285458
-0.088734 -0.036003 -0.21249 -0.0520858 -0.0314724 -0.0183856
-0.087954 -0.036003 -0.214375 -0.0231942 -0.0121236 -0.0436213
-0.086711 -0.036003 -0.215994 -0.0595022 -0.0380212 -0.0285269
-0.091287 -0.036003 -0.221036 -0.0625797 -0.0473641 -0.0162013
-0.08385 -0.036003 -0.218855 -0.0781006 -0.0793827 -0.0299331
-0.082231 -0.036003 -0.220097 -0.0234004 -0.00418187 -0.0342449
-0.087379 -0.036003 -0.222083 -0.0869027 -0.0645002 -0.00716614
-0.074415 -0.036003 -0.222192 -0.0223431 -0.0101685 -0.0606847
-0.084957 -0.036003 -0.22524 -0.0301521 -0.0306167 -0.0422682
-0.092342 -0.036003 -0.23071 -0.0184253 -0.0212772 -0.0346403
-0.09349 -0.036003 -0.237302 -0.0435241 0.00335298 -0.0355888
-0.085509 -0.036003 -0.234656 -0.021983 0.00888756 -0.0359009
-0.081833 -0.036003 -0.236178 -0.0382601 -0.0164639 -0.0147011
-0.074194 -0.036003 -0.245381 0.00926001 0.0197986 -0.0510213
-0.104276 -0.036003 -0.300636 0.0289332 0.0567476 -0.0477417
-0.090803 -0.036003 -0.247568 0.0308677 0.0530923 -0.0542244
-0.085524 -0.036003 -0.249754 -0.0504882 -0.0413828 -0.0243021
-0.038033 -0.036003 0.186608 -0.0500793 -0.0231143 -0.0168283
0.040523 -0.036003 0.112355 -0.0673734 -0.0690564 -0.00369229
-0.042023 -0.036003 0.182519 -0.0160064 0.00200261 -0.03729
-0.031308 -0.036003 0.224573 -0.00941056 0.0215578 -0.0308771
0.044659 -0.036003 0.128587 -0.0504111 -0.0303724 -0.0125258
-0.029761 -0.036003 0.219073 -0.00789002 0.0111831 -0.0193301
-0.089931 -0.036003 0.302493 -0.0728202 -0.0715709 -0.00856564
-0.051851 -0.036003 0.250673 -0.042589 -0.0311545 -0.0282014
-0.056834 -0.036003 0.253469 -0.0406116 -0.0287692 -0.0211894
-0.07362 -0.036003 0.25622 -0.0185817 -0.0083117 -0.030263
-0.095468 -0.036003 0.303905 -0.0409342 -0.0214762 -0.0126993
-0.067907 -0.036003 0.256291 -0.0208866 -0.0160628 -0.0210442
0.041397 -0.036003 -0.111863 -0.00728149 -0.00544492 -0.0507581
-0.034099 -0.036003 -0.190865 0.0224571 0.0927258 -0.0197989
-0.044497 -0.036003 -0.198842 -0.0404437 -0.0151285 -0.0372067
-0.038205 -0.036003 -0.197493 0.057495 0.0944998 -0.0575419
-0.037459 -0.036003 -0.203157 -0.0427108 -0.0187328 -0.0357987
-0.043458 -0.036003 -0.206732 -0.0427108 -0.0187328 -0.0357987
-0.03694 -0.036003 -0.207102 -0.0427108 -0.0187328 -0.0357987
-0.043978 -0.036003 -0.210678 -0.0427108 -0.0187328 -0.0357987
-0.063361 -0.036003 -0.217613 -0.0427108 -0.0187328 -0.0357987
-0.053929 -0.036003 -0.216118 -0.0427108 -0.0187328 -0.0357987
-0.055452 -0.036003 -0.219794 -0.0427108 -0.0187328 -0.0357987
-0.060979 -0.036003 -0.222083 -0.0427108 -0.0187328 -0.0357987
-0.063401 -0.036003 -0.22524 -0.0427108 -0.0187328 -0.0357987
-0.068529 -0.036003 -0.250499 -0.0427108 -0.0187328 -0.0357987
-0.098611 -0.036003 -0.301381 -0.0427108 -0.0187328 -0.0357987
-0.074194 -0.036003 -0.251245 -0.0427108 -0.0187328 -0.0357987
-0.079473 -0.036003 -0.247568 -0.0427108 -0.0187328 -0.0357987
-0.089545 -0.036003 -0.237821 -0.0427108 -0.0187328 -0.0357987
-0.073943 -0.036003 -0.237217 -0.0427108 -0.0187328 -0.0357987
-0.058592 -0.036003 -0.237821 -0.0427108 -0.0187328 -0.0357987
-0.070786 -0.036003 -0.23071 -0.0427108 -0.0187328 -0.0357987
-0.073943 -0.036003 -0.233133 -0.0427108 -0.0187328 -0.0357987
-0.069998 -0.036003 -0.236698 -0.0427108 -0.0187328 -0.0357987
-0.077619 -0.036003 -0.234656 -0.0427108 -0.0187328 -0.0357987
-0.047494 -0.036003 -0.182959 -0.0427108 -0.0187328 -0.0357987
-0.0771 -0.036003 -0.182754 -0.0427108 -0.0187328 -0.0357987
-0.076438 -0.036003 -0.191192 -0.0427108 -0.0187328 -0.0357987
-0.071521 -0.036003 -0.188333 -0.0427108 -0.0187328 -0.0357987
-0.047543 -0.036003 -0.19149 -0.0427108 -0.0187328 -0.0357987
-0.060979 -0.036003 -0.191208 -0.0427108 -0.0187328 -0.0357987
-0.07253 -0.036003 -0.192239 -0.0427108 -0.0187328 -0.0357987
-0.066599 -0.036003 -0.19302 -0.0427108 -0.0187328 -0.0357987
-0.074415 -0.036003 -0.19302 -0.0427108 -0.0187328 -0.0357987
-0.072796 -0.036003 -0.194262 -0.0427108 -0.0187328 -0.0357987
-0.063361 -0.036003 -0.195504 -0.0427108 -0.0187328 -0.0357987
-0.074415 -0.036003 -0.195504 -0.0427108 -0.0187328 -0.0357987
-0.086711 -0.036003 -0.197123 -0.0427108 -0.0187328 -0.0357987
-0.073635 -0.036003 -0.200628 -0.0427108 -0.0187328 -0.0357987
-0.059315 -0.036003 -0.202513 -0.0427108 -0.0187328 -0.0357987
-0.074415 -0.036003 -0.202513 -0.0427108 -0.0187328 -0.0357987
-0.074149 -0.036003 -0.204536 -0.0427108 -0.0187328 -0.0357987
-0.058782 -0.036003 -0.206559 -0.0427108 -0.0187328 -0.0357987
-0.074415 -0.036003 -0.206559 -0.0427108 -0.0187328 -0.0357987
-0.074681 -0.036003 -0.208582 -0.0427108 -0.0187328 -0.0357987
-0.059315 -0.036003 -0.210605 -0.0427108 -0.0187328 -0.0357987
-0.074415 -0.036003 -0.210605 -0.0427108 -0.0187328 -0.0357987
-0.075195 -0.036003 -0.21249 -0.0427108 -0.0187328 -0.0357987
-0.060876 -0.036003 -0.214375 -0.0427108 -0.0187328 -0.0357987
-0.074415 -0.036003 -0.214375 -0.0427108 -0.0187328 -0.0357987
-0.075658 -0.036003 -0.215994 -0.0427108 -0.0187328 -0.0357987
-0.074415 -0.036003 -0.217613 -0.0427108 -0.0187328 -0.0357987
-0.076034 -0.036003 -0.218855 -0.0427108 -0.0187328 -0.0357987
-0.066599 -0.036003 -0.220097 -0.0427108 -0.0187328 -0.0357987
-0.074415 -0.036003 -0.220097 -0.0427108 -0.0187328 -0.0357987
-0.089402 -0.036003 -0.221817 -0.0427108 -0.0187328 -0.0357987
-0.080346 -0.036003 -0.220878 -0.0427108 -0.0187328 -0.0357987
-0.078461 -0.036003 -0.221659 -0.0427108 -0.0187328 -0.0357987
-0.076438 -0.036003 -0.221926 -0.0427108 -0.0187328 -0.0357987
-0.073943 -0.036003 -0.228288 -0.0427108 -0.0187328 -0.0357987
-0.073943 -0.036003 -0.236178 -0.0427108 -0.0187328 -0.0357987
-0.077888 -0.036003 -0.236698 -0.0427108 -0.0187328 -0.0357987
-0.074194 -0.036003 -0.249754 -0.0427108 -0.0187328 -0.0357987
-0.079859 -0.036003 -0.250499 -0.0427108 -0.0187328 -0.0357987
-0.032442 -0.036003 0.196573 -0.0427108 -0.0187328 -0.0357987
0.043319 -0.036003 0.117338 -0.0427108 -0.0187328 -0.0357987
-0.035237 -0.036003 0.191591 -0.0427108 -0.0187328 -0.0357987
-0.029691 -0.036003 0.21336 -0.0427108 -0.0187328 -0.0357987
0.044729 -0.036003 0.122875 -0.0427108 -0.0187328 -0.0357987
-0.029621 -0.036003 0.207647 -0.0427108 -0.0187328 -0.0357987
-0.06237 -0.036003 0.25488 -0.0427108 -0.0187328 -0.0357987
-0.041915 -0.036003 -0.188538 -0.0427108 -0.0187328 -0.0357987
-0.039728 -0.036003 -0.193817 -0.0427108 -0.0187328 -0.0357987
-0.04602 -0.036003 -0.195166 -0.0427108 -0.0187328 -0.0357987
-0.043978 -0.036003 -0.202787 -0.0427108 -0.0187328 -0.0357987
-0.051387 -0.036003 -0.208668 -0.0427108 -0.0187328 -0.0357987
-0.051906 -0.036003 -0.212614 -0.0427108 -0.0187328 -0.0357987
-0.052686 -0.036003 -0.214499 -0.0427108 -0.0187328 -0.0357987
-0.062119 -0.036003 -0.215994 -0.0427108 -0.0187328 -0.0357987
-0.06498 -0.036003 -0.218855 -0.0427108 -0.0187328 -0.0357987
-0.057071 -0.036003 -0.221036 -0.0427108 -0.0187328 -0.0357987
-0.070369 -0.036003 -0.221659 -0.0427108 -0.0187328 -0.0357987
-0.058956 -0.036003 -0.221817 -0.0427108 -0.0187328 -0.0357987
-0.072392 -0.036003 -0.221926 -0.0427108 -0.0187328 -0.0357987
-0.055544 -0.036003 -0.182754 -0.0427108 -0.0187328 -0.0357987
-0.044337 -0.036003 -0.185382 -0.0427108 -0.0187328 -0.0357987
-0.052387 -0.036003 -0.185177 -0.0427108 -0.0187328 -0.0357987
-0.073943 -0.036003 -0.185177 -0.0427108 -0.0187328 -0.0357987
-0.070369 -0.036003 -0.191458 -0.0427108 -0.0187328 -0.0357987
-0.074415 -0.036003 -0.191458 -0.0427108 -0.0187328 -0.0357987
-0.072392 -0.036003 -0.191192 -0.0427108 -0.0187328 -0.0357987
-0.049965 -0.036003 -0.188333 -0.0427108 -0.0187328 -0.0357987
-0.058956 -0.036003 -0.191474 -0.0427108 -0.0187328 -0.0357987
-0.068484 -0.036003 -0.192239 -0.0427108 -0.0187328 -0.0357987
-0.06498 -0.036003 -0.194262 -0.0427108 -0.0187328 -0.0357987
-0.073173 -0.036003 -0.197123 -0.0427108 -0.0187328 -0.0357987
-0.062119 -0.036003 -0.197123 -0.0427108 -0.0187328 -0.0357987
-0.060876 -0.036003 -0.198742 -0.0427108 -0.0187328 -0.0357987
-0.074415 -0.036003 -0.198742 -0.0427108 -0.0187328 -0.0357987
-0.060095 -0.036003 -0.200628 -0.0427108 -0.0187328 -0.0357987
-0.059049 -0.036003 -0.204536 -0.0427108 -0.0187328 -0.0357987
-0.059049 -0.036003 -0.208582 -0.0427108 -0.0187328 -0.0357987
-0.060095 -0.036003 -0.21249 -0.0427108 -0.0187328 -0.0357987
-0.0763 -0.036003 -0.220878 -0.0427108 -0.0187328 -0.0357987
-0.068484 -0.036003 -0.220878 -0.0427108 -0.0187328 -0.0357987
-0.074415 -0.036003 -0.221659 -0.0427108 -0.0187328 -0.0357987
-0.031032 -0.036003 0.20211 -0.0427108 -0.0187328 -0.0357987
-0.057071 -0.036003 -0.192255 -0.0427108 -0.0187328 -0.0357987
-0.055548 -0.036003 -0.195931 -0.0427108 -0.0187328 -0.0357987
-0.051906 -0.036003 -0.200678 -0.0427108 -0.0187328 -0.0357987
-0.051387 -0.036003 -0.204622 -0.0427108 -0.0187328 -0.0357987
-0.05112 -0.036003 -0.206645 -0.0427108 -0.0187328 -0.0357987
-0.053929 -0.036003 -0.197173 -0.0427108 -0.0187328 -0.0357987
-0.052686 -0.036003 -0.198792 -0.0427108 -0.0187328 -0.0357987
-0.000491 -0.042256 0.19112 -0.0427108 -0.0187328 -0.0357987
-0.068313 -0.042256 0.359726 -0.0427108 -0.0187328 -0.0357987
-0.071441 -0.042256 0.359726 -0.0427108 -0.0187328 -0.0357987
-0.325478 -0.007221 0.027617 -0.0427108 -0.0187328 -0.0357987
-0.325939 -0.003243 -5.8e-05 -0.0427108 -0.0187328 -0.0357987
-0.325478 -0.007221 -1.9e-05 -0.0427108 -0.0187328 -0.0357987
-0.325939 -0.003243 -0.027694 -0.0427108 -0.0187328 -0.0357987
-0.317832 -0.007417 -1.9e-05 -0.0427108 -0.0187328 -0.0357987
-0.317832 -0.007417 0.027617 -0.0427108 -0.0187328 -0.0357987
-0.326399 0.000735 -1.9e-05 -0.0427108 -0.0187328 -0.0357987
-0.325939 -0.003243 0.027656 -0.0427108 -0.0187328 -0.0357987
-0.310186 -0.007613 -1.9e-05 -0.0427108 -0.0187328 -0.0357987
-0.317832 -0.007417 -0.027655 -0.0427108 -0.0187328 -0.0357987
-0.310186 -0.007613 -0.027655 -0.0427108 -0.0187328 -0.0357987
-0.326842 0.00456 0.001078 -0.0427108 -0.0187328 -0.0357987
-0.291219 -0.008099 -0.027655 -0.0427108 -0.0187328 -0.0357987
-0.291014 -0.008105 -1.9e-05 -0.0427108 -0.0187328 -0.0357987
-0.271841 -0.008597 0.027617 -0.0427108 -0.0187328 -0.0357987
-0.291014 -0.008105 0.027617 -0.0427108 -0.0187328 -0.0357987
-0.197435 -0.010506 0.027617 -0.0427108 -0.0187328 -0.0357987
-0.327285 0.008386 -1.9e-05 -0.0427108 -0.0187328 -0.0357987
-0.272046 -0.008592 -1.9e-05 -0.0427108 -0.0187328 -0.0357987
-0.310186 -0.007613 -0.094095 -0.0427108 -0.0187328 -0.0357987
-0.291219 -0.008099 -0.060875 -0.0427108 -0.0187328 -0.0357987
-0.310186 -0.007613 -0.060875 -0.0427108 -0.0187328 -0.0357987
-0.310136 -0.005659 -0.027655 -0.0427108 -0.0187328 -0.0357987
-0.310086 -0.003706 -0.027655 -0.0427108 -0.0187328 -0.0357987
-0.291169 -0.006146 -0.027655 -0.0427108 -0.0187328 -0.0357987
-0.291014 -0.008105 0.060838 -0.0427108 -0.0187328 -0.0357987
-0.310186 -0.007613 0.094058 -0.0427108 -0.0187328 -0.0357987
-0.310186 -0.007613 0.060838 -0.0427108 -0.0187328 -0.0357987
-0.310136 -0.005659 0.027617 -0.0427108 -0.0187328 -0.0357987
-0.290963 -0.006152 0.027617 -0.0427108 -0.0187328 -0.0357987
-0.310086 -0.003706 0.027617 -0.0427108 -0.0187328 -0.0357987
-0.327674 0.011745 0.002125 -0.0427108 -0.0187328 -0.0357987
-0.291169 -0.006146 -0.060875 -0.0427108 -0.0187328 -0.0357987
-0.272153 -0.004679 -0.027655 -0.0427108 -0.0187328 -0.0357987
-0.272203 -0.006632 -0.027655 -0.0427108 -0.0187328 -0.0357987
-0.310136 -0.005659 -0.060875 -0.0427108 -0.0187328 -0.0357987
-0.291119 -0.004193 -0.027655 -0.0427108 -0.0187328 -0.0357987
-0.271741 -0.00469 0.027617 -0.0427108 -0.0187328 -0.0357987
-0.290964 -0.006151 0.060838 -0.0427108 -0.0187328 -0.0357987
-0.271791 -0.006644 0.027617 -0.0427108 -0.0187328 -0.0357987
-0.310086 -0.003706 0.094058 -0.0427108 -0.0187328 -0.0357987
-0.310136 -0.005659 0.060838 -0.0427108 -0.0187328 -0.0357987
-0.310136 -0.005659 0.094058 -0.0427108 -0.0187328 -0.0357987
-0.290913 -0.004198 0.027617 -0.0427108 -0.0187328 -0.0357987
-0.310086 -0.003706 0.060838 -0.0427108 -0.0187328 -0.0357987
-0.328063 0.015105 -1.9e-05 -0.0427108 -0.0187328 -0.0357987
-0.291119 -0.004193 -0.060875 -0.0427108 -0.0187328 -0.0357987
-0.310136 -0.005659 -0.094095 -0.0427108 -0.0187328 -0.0357987
-0.310086 -0.003706 -0.094095 -0.0427108 -0.0187328 -0.0357987
-0.310086 -0.003706 -0.060875 -0.0427108 -0.0187328 -0.0357987
-0.290913 -0.004198 0.060838 -0.0427108 -0.0187328 -0.0357987
-0.328366 0.017724 0.002996 -0.0427108 -0.0187328 -0.0357987
-0.328669 0.020342 -1.9e-05 -0.0427108 -0.0187328 -0.0357987
-0.328862 0.022004 0.003619 -0.0427108 -0.0187328 -0.0357987
-0.329054 0.023666 -1.9e-05 -0.0427108 -0.0187328 -0.0357987
-0.32912 0.024236 -0.003982 -0.0427108 -0.0187328 -0.0357987
-0.325478 0.024748 -9.3e-05 -0.0427108 -0.0187328 -0.0357987
-0.285445 0.024251 -5.6e-05 -0.0427108 -0.0187328 -0.0357987
-0.325478 0.024748 0.000688 -0.0427108 -0.0187328 -0.0357987
-0.285445 0.024251 0.000726 -0.0427108 -0.0187328 -0.0357987
-0.325478 0.024748 0.00147 -0.0427108 -0.0187328 -0.0357987
-0.285445 0.024251 -0.000837 -0.0427108 -0.0187328 -0.0357987
-0.325478 0.024748 -0.000874 -0.0427108 -0.0187328 -0.0357987
-0.325478 0.024748 -0.001656 -0.0427108 -0.0187328 -0.0357987
-0.286395 0.024748 0.000688 -0.0427108 -0.0187328 -0.0357987
-0.246362 0.024251 -5.6e-05 -0.0427108 -0.0187328 -0.0357987
-0.247312 0.024748 -9.3e-05 -0.0427108 -0.0187328 -0.0357987
-0.325478 0.079133 0.00147 -0.0427108 -0.0187328 -0.0357987
-0.325478 0.051941 0.000688 -0.0427108 -0.0187328 -0.0357987
-0.325478 0.051941 0.00147 -0.0427108 -0.0187328 -0.0357987
-0.286395 0.024748 -9.3e-05 -0.0427108 -0.0187328 -0.0357987
-0.325478 0.051941 -9.3e-05 -0.0427108 -0.0187328 -0.0357987
-0.286395 0.024748 -0.000874 -0.0427108 -0.0187328 -0.0357987
-0.286395 0.051941 0.000688 -0.0427108 -0.0187328 -0.0357987
-0.325478 0.051941 -0.001656 -0.0427108 -0.0187328 -0.0357987
-0.325478 0.079133 -9.3e-05 -0.0427108 -0.0187328 -0.0357987
-0.325478 0.079133 -0.001656 -0.0427108 -0.0187328 -0.0357987
-0.286395 0.051941 -0.000874 -0.0427108 -0.0187328 -0.0357987
-0.318292 -0.003439 -0.027694 -0.0427108 -0.0187328 -0.0357987
-0.318292 -0.003439 0.027656 -0.0427108 -0.0187328 -0.0357987
-0.299326 -0.003926 -0.027694 -0.0427108 -0.0187328 -0.0357987
-0.29912 -0.003931 0.027656 -0.0427108 -0.0187328 -0.0357987
-0.197641 -0.0105 -0.027655 -0.0427108 -0.0187328 -0.0357987
-0.327266 0.024207 -0.004019 -0.0427108 -0.0187328 -0.0357987
-0.128682 0.021714 -0.004019 -0.0427108 -0.0187328 -0.0357987
-0.327332 0.024777 -5.6e-05 -0.0427108 -0.0187328 -0.0357987
