0.329186 -0.04156 -0.000423 0.125415 0.0528454 -0.0165969
0.329186 -0.04156 -1.8e-05 0.107256 0.050529 -0.00971619
0.329186 -0.041587 -0.000221 0.0783118 0.0567396 -0.0181412
0.329186 -0.04156 0.000386 0.104477 0.0464331 -0.0107252
0.329186 -0.041587 0.000184 0.108857 0.0499132 -0.00796596
0.329186 -0.041614 -1.9e-05 0.109656 0.0476048 -0.0120903
0.329186 -0.041482 -0.000207 0.106969 0.0434261 -0.00898871
0.329186 -0.041482 -0.000612 0.0981068 0.0480082 -0.0175827
0.329186 -0.041404 -0.000801 0.133529 0.055327 -0.0140196
0.329186 -0.041482 0.000575 0.103233 0.0449831 -0.00145224
0.329186 -0.041404 -1.9e-05 0.0900726 0.0506397 -0.0237578
0.329186 -0.041404 0.000763 0.112325 0.0465707 -0.00789989
0.329186 -0.041279 -0.000181 0.0993148 0.0419149 -0.0143693
0.329186 -0.041279 -0.000963 0.130848 0.0514928 -0.0187589
0.329186 -0.041155 -0.001124 0.135254 0.0500622 -0.0137049
0.329186 -0.041279 0.000925 0.122822 0.0476501 -0.0182893
0.329186 -0.041155 -1.8e-05 0.104494 0.0348315 -0.010841
0.329186 -0.041155 0.001087 0.119289 0.0498502 -0.0106085
0.329186 -0.040994 -0.000143 0.0837215 0.0418022 -0.0116456
0.329186 -0.040994 -0.001249 0.120545 0.0544625 -0.0112071
0.329186 -0.040832 -0.001373 0.0918066 0.0427001 -0.0156898
0.329186 -0.040994 0.001211 0.125366 0.0449333 -0.00631148
0.329186 -0.040832 -1.9e-05 0.10408 0.0340609 -0.0105744
0.329186 -0.040832 0.001335 0.111894 0.0443427 -0.0077786
0.329186 -0.040643 -9.7e-05 0.105852 0.0395732 -0.0125239
0.329186 -0.040643 -0.001451 0.125585 0.0505476 -0.0201675
0.329186 -0.040455 -0.001529 0.102401 0.0422663 -0.0157336
0.329186 -0.040643 0.001413 0.118232 0.0427163 -0.013086
0.329186 -0.040455 -1.9e-05 0.105904 0.043403 -0.0110094
0.329186 -0.040455 0.001491 0.146385 0.0573732 -0.0190888
0.329186 -0.040252 -4.6e-05 0.0857839 0.0532701 -0.0236641
0.329186 -0.040252 -0.001556 0.110127 0.0450618 -0.0133739
0.329186 -0.04005 -0.001582 0.117064 0.042581 -0.00741605
0.329186 -0.040252 0.001518 0.117146 0.0428275 -0.0087157
0.329186 -0.04005 -1.9e-05 0.102258 0.0402117 -0.0164764
0.329186 -0.04005 0.001545 0.13311 0.0505451 -0.020266
0.329186 -0.039848 8e-06 0.0985829 0.0407071 -0.0152639
0.329186 -0.039848 -0.001556 0.105759 0.0420854 -0.0157437
0.329186 -0.039646 -0.001529 0.130464 0.0570598 -0.0180784
0.329186 -0.039848 0.001518 0.104672 0.0419306 -0.011075
0.329186 -0.039646 -1.9e-05 0.103248 0.0390527 -0.0106505
0.329186 -0.039646 0.001491 0.111898 0.0354478 -0.0109534
0.329186 -0.039457 5.9e-05 0.100101 0.0424609 -0.0165384
0.329186 -0.039457 -0.001451 0.0955369 0.0617079 -0.0172186
0.329186 -0.039268 -0.001373 0.123919 0.0500799 -0.00790723
0.329186 -0.039457 0.001413 0.118208 0.0448062 -0.014346
0.329186 -0.039268 -1.9e-05 0.10427 0.0457363 -0.0144432
0.329186 -0.039268 0.001335 0.116734 0.0508043 -0.0113071
0.329186 -0.039107 0.000106 0.107513 0.0432939 -0.0141756
0.329186 -0.039107 -0.001249 0.103644 0.04313 -0.0133875
0.329186 -0.038945 -0.001124 0.117869 0.0491395 -0.0123963
0.329186 -0.039107 0.001211 0.0971737 0.0380947 -0.0169126
0.329186 -0.038945 -1.8e-05 0.0971446 0.0429444 -0.0122884
0.329186 -0.038945 0.001087 0.0955558 0.0683869 -0.027688
0.329186 -0.038821 0.000143 0.1029 0.0463334 -0.013739
0.329186 -0.038821 -0.000963 0.124923 0.0432826 -0.00883997
0.329186 -0.038696 -0.000801 0.125329 0.0683088 -0.00525971
0.329186 -0.038821 0.000925 0.126452 0.0564341 -0.00922993
0.329186 -0.038696 -1.9e-05 0.0959379 0.0418411 -0.014437
0.329186 -0.038696 0.000763 0.137125 0.0525039 -0.0201275
0.329186 -0.038618 0.00017 0.0934809 0.0391563 -0.0113379
0.329186 -0.038618 -0.000612 0.135698 0.0553359 -0.0133376
0.329186 -0.03854 -0.000423 0.122821 0.0373009 -0.00641662
0.329186 -0.038618 0.000575 0.143485 0.0561521 -0.00686858
0.329186 -0.03854 -1.8e-05 0.105803 0.0407937 -0.00913863
0.329186 -0.03854 0.000386 0.119606 0.0513737 -0.00818118
0.329186 -0.038513 0.000184 0.128249 0.0417524 -0.00968313
0.329186 -0.038513 -0.000221 0.126174 0.0553227 -0.0189574
0.329186 -0.038487 -1.9e-05 0.128921 0.0552292 -0.00614187
0.290103 -0.060346 0.000184 0.0631821 0.064196 -0.0247276
0.25102 -0.079133 -1.9e-05 0.0736366 0.0494511 -0.0143854
0.290103 -0.060373 -1.9e-05 0.07155 0.0790363 -0.0201374
0.290103 -0.060346 -0.000221 0.125126 0.0424268 -0.0134389
0.25102 -0.077801 -0.010134 0.0368044 -0.00723569 -0.0139484
0.290103 -0.059603 -0.005468 0.0729308 0.0625569 -0.0302531
0.290103 -0.05968 -0.005279 0.0823412 0.0938637 -0.0261056
0.25102 -0.078467 0.005039 0.012733 0.0330033 -0.0295835
0.290103 -0.05968 0.005241 0.0689938 0.0929659 -0.0212768
0.25102 -0.077801 0.010096 0.0335771 0.0405341 -0.0209002
0.25102 -0.078467 -0.005077 0.0163739 0.000897356 -0.0376031
0.290103 -0.057651 -0.010181 0.121557 0.0351204 -0.00739579
0.25102 -0.075849 -0.014847 0.0266331 -0.016565 -0.0111772
0.25102 -0.073897 -0.01956 0.0167636 0.0298908 -0.0270674
0.290103 -0.059603 0.00543 0.0856882 0.0907362 -0.0181096
0.290103 -0.057526 -0.010342 0.117208 0.0409267 -0.00797734
0.25102 -0.075849 0.01481 0.0143691 0.0515291 -0.0265543
0.290103 -0.057651 0.010143 0.116808 0.040584 -0.0137347
0.25102 -0.073897 0.019523 0.0191684 0.0533205 -0.0275409
0.290103 -0.05442 -0.01439 0.100321 0.0436507 -0.0141205
0.25102 -0.070792 -0.023608 0.024724 0.0323643 -0.0220828
0.25102 -0.067686 -0.027655 0.0334144 -0.00395395 -0.0168363
0.290103 -0.057526 0.010305 0.0740726 0.0652827 -0.0277587
0.290103 -0.054259 -0.014514 0.116163 0.0640517 -0.00722144
0.25102 -0.070792 0.02357 0.00644708 0.0431927 -0.0266349
0.290103 -0.05442 0.014352 0.116199 0.0384417 -0.0100454
0.25102 -0.067686 0.027617 0.0232503 -0.0201833 -0.0168286
0.290103 -0.050212 -0.017619 0.0861355 0.0758057 -0.031762
0.25102 -0.063639 -0.03076 0.0307456 0.00243302 -0.0210701
0.25102 -0.059592 -0.033865 0.055708 0.0149768 -0.0103532
0.25102 -0.059592 0.033828 0.0619819 -0.00733212 -0.00575921
0.290103 -0.050374 0.017457 0.092247 0.0737873 -0.0248824
0.290103 -0.050212 0.017582 0.0871051 0.0858235 -0.0272264
0.25102 -0.063639 0.030723 0.0266629 0.0385416 -0.0300195
0.290103 -0.050023 -0.017697 0.100624 0.0344492 -0.0128208
0.290103 -0.045499 0.019534 0.0964322 0.0298552 -0.0182056
0.25102 -0.050166 0.037732 0.0983856 0.0284795 -0.00480431
0.25102 -0.054879 0.03578 0.0701553 0.0205911 -0.0207702
0.290103 -0.045311 -0.01965 0.0827657 0.102148 -0.0293391
0.25102 -0.054879 -0.035818 0.0604504 0.0121153 -0.0084788
0.25102 -0.050166 -0.03777 0.0597663 0.014247 -0.0116313
0.290103 -0.045311 0.019612 0.106522 0.0443493 -0.0126219
0.290103 -0.045108 -0.019676 0.0762432 0.0708549 -0.0316983
0.290103 -0.040252 0.020278 0.100538 0.0310921 -0.0158176
0.25102 -0.04005 0.039064 0.04824 0.0195838 -0.0283234
0.25102 -0.045108 0.038398 0.0470657 0.0146006 -0.0228632
0.290103 -0.04005 -0.020341 0.0865819 0.0694395 -0.0284051
0.25102 -0.045108 -0.038435 0.0745095 0.0401326 -0.0220361
0.25102 -0.04005 -0.039101 0.0418332 0.00829475 -0.0135495
0.290103 -0.04005 0.020305 0.0688819 0.0432781 -0.0186418
0.290103 -0.039848 -0.020315 0.0415547 0.0772733 -0.0289196
0.290103 -0.034993 0.019639 0.116604 0.0315204 -0.011898
0.25102 -0.029935 0.037732 0.0472276 0.0456144 -0.0363429
0.25102 -0.034993 0.038398 0.0464002 0.0501391 -0.0383365
0.290103 -0.034791 -0.01965 0.0844714 0.0454778 -0.021875
0.25102 -0.034993 -0.038435 0.0820748 0.0406812 -0.0237912
0.25102 -0.029935 -0.03777 0.0661035 0.0142377 -0.00144172
0.290103 -0.034791 0.019612 0.0652896 0.0405786 -0.0244281
0.290103 -0.034602 -0.019571 0.0736261 0.0983173 -0.0309994
0.290103 -0.030078 0.017659 0.0744079 0.0346539 -0.0218992
0.25102 -0.020509 0.033828 0.0167667 0.00328491 -0.0191575
0.25102 -0.025222 0.03578 0.0279675 0.041196 -0.0334499
0.290103 -0.029727 -0.017495 0.0947419 0.0516007 -0.0255702
0.290103 -0.02568 -0.01439 0.0841765 0.054453 -0.0199054
0.25102 -0.020509 -0.033865 0.0579371 0.0218958 -0.0153803
0.25102 -0.016462 -0.03076 0.0286098 0.00581092 -0.0234668
0.25102 -0.012414 -0.027655 0.0305976 0.049706 -0.0288741
0.290103 -0.029888 -0.017619 0.0802837 0.0990762 -0.0247615
0.25102 -0.025222 -0.035818 0.0775225 0.00692892 -0.00113846
0.290103 -0.029888 0.017582 0.112876 0.0421713 -0.0122523
0.290103 -0.025841 0.014476 0.0710221 0.0829577 -0.0268616
0.25102 -0.012414 0.027617 0.0747567 0.0228935 -0.016023
0.25102 -0.016462 0.030723 0.0467636 0.0198799 -0.0160947
0.25102 -0.006203 -0.01956 0.0376115 0.0608679 -0.0297078
0.290103 -0.022574 -0.010342 0.114768 0.0446831 -0.0155236
0.25102 -0.009309 -0.023608 0.0190075 -0.0111791 -0.0185237
0.290103 -0.022574 0.010305 0.0811812 0.095395 -0.0341236
0.290103 -0.02568 0.014352 0.0666649 0.0849849 -0.0403197
0.25102 -0.006203 0.019523 0.0719816 0.027799 -0.0148354
0.25102 -0.009309 0.02357 -0.00335103 0.0218207 -0.0236802
0.290103 -0.02245 -0.010181 0.113899 0.0357709 -0.00751902
0.290103 -0.02245 0.010143 0.0907957 0.0479268 -0.0191385
0.25102 -0.002299 -0.010134 0.045433 0.0224141 -0.0247109
0.290103 -0.020498 -0.005468 0.109071 0.0418369 -0.0136872
0.25102 -0.004251 -0.014847 -0.000225381 -0.0148995 -0.0236381
0.290103 -0.020498 0.00543 0.10779 0.0480827 -0.0165709
0.25102 -0.002299 0.010096 0.0498766 0.0249302 -0.0252012
0.25102 -0.004251 0.01481 -0.0408432 0.024114 -0.0317192
0.290103 -0.02042 -0.005279 0.106227 0.0389962 -0.0188205
0.290103 -0.02042 0.005241 0.101043 0.0504328 -0.0213174
0.290103 -0.020393 -0.005077 0.108724 0.0466896 -0.0163217
0.290103 -0.019754 0.000184 0.0766597 0.0424208 -0.0271573
0.25102 -0.000968 -1.9e-05 0.0349269 0.0168404 -0.0291044
0.25102 -0.001634 0.005039 -0.00538232 0.000328322 -0.0350012
0.290103 -0.019727 -1.9e-05 0.0579748 0.045603 -0.0302889
0.25102 -0.001634 -0.005077 -0.0372185 0.0397956 -0.0472767
0.25102 -0.078467 0.0152 0.0344481 0.00295726 -0.0195302
0.25102 -0.079133 0.020304 0.0818901 0.0242021 -0.0189486
0.25102 -0.079133 0.010142 0.075586 0.0162954 -0.0108605
0.25102 -0.078825 -0.010967 0.0349448 -0.0145786 -0.00888282
0.25102 -0.078518 -0.021914 0.070953 0.00938137 -0.00164246
0.25102 -0.078159 -0.016024 0.0161539 -0.0281733 -0.00379185
0.25102 -0.077792 -0.016783 0.0208963 -0.0190078 -0.00813712
0.25102 -0.077782 -0.023432 0.0870347 0.0219896 -0.00468312
0.25102 -0.07584 -0.021496 0.0385169 -0.00694159 -0.0160666
0.25102 -0.078825 0.02109 0.109087 0.0388934 -0.0176583
0.25102 -0.078159 0.015986 0.0428294 -0.00508764 -0.0120587
0.25102 -0.078518 0.021876 0.101233 0.0300477 -0.00989625
0.09508 -0.079133 0.010142 -0.0709738 -0.0394197 -0.0293503
-0.06086 -0.079133 -1.9e-05 -0.0751396 -0.0638204 -0.0125088
0.09508 -0.079133 -1.9e-05 -0.0313559 -0.0301174 -0.0209119
0.243204 -0.079133 -1.9e-05 0.0689497 -0.00276721 -0.00443532
0.091172 -0.079133 -0.010181 -0.0402019 -0.0285836 -0.0195386
0.247112 -0.079133 -1.9e-05 0.0600388 0.00334872 -0.00894685
-0.06086 -0.079133 -0.020342 -0.0381306 -0.0491745 -0.007887
0.09508 -0.079133 -0.010181 -0.061148 -0.0507466 -0.0167752
0.091172 -0.079133 -1.9e-05 -0.0419524 -0.0517153 -0.0144761
0.25102 -0.078825 -0.021128 0.0523908 0.014095 -0.0113529
0.25102 -0.079133 -0.010181 0.0676627 0.0247284 -0.0181726
0.25102 -0.079133 -0.020342 0.0889337 0.0213584 -0.00376566
0.25102 -0.07815 -0.022673 0.0959495 0.019176 -0.00393603
0.25102 -0.075413 -0.022225 0.0349722 -0.0172189 -0.00925448
0.25102 -0.077355 -0.024161 0.0899623 0.0375574 -0.00364111
0.25102 -0.076929 -0.024889 0.064347 0.0746576 -0.0239485
0.25102 -0.077782 0.023395 0.0902185 0.0120289 -0.00463863
0.25102 -0.077792 0.016746 -3.60077e-06 0.0455704 -0.0262636
0.25102 -0.07584 0.021459 0.0302011 -0.00850098 -0.0140893
0.25102 -0.07815 0.022635 0.0823569 0.00931128 -0.00672758
-0.06086 -0.079133 0.010142 -0.0628707 -0.0458193 -0.0241223
0.09508 -0.079133 0.020304 -0.0364055 -0.0391997 -0.0154934
-0.06086 -0.079133 0.020304 -0.032867 -0.0420738 -0.0127439
-0.06086 -0.079133 -0.010181 -0.064191 -0.059922 -0.0189334
0.09508 -0.079133 -0.020342 -0.0452204 -0.0262386 -0.0240939
0.25102 -0.074931 -0.022916 -0.00227012 0.0527759 -0.0268233
0.25102 -0.076447 -0.025581 0.0551134 -0.00538209 0.00269112
0.25102 -0.075964 -0.026273 0.0665063 0.00624171 -0.00683625
0.25102 -0.07381 -0.024177 -0.0171741 0.0293884 -0.0307099
0.25102 -0.073723 -0.028794 0.083317 0.0611341 -0.012489
0.25102 -0.070705 -0.028225 0.0135077 -0.0298548 -0.0057366
0.25102 -0.077355 0.024123 0.0708829 0.00952668 -0.00991841
0.25102 -0.075413 0.022187 0.0527085 0.00347515 -0.0207342
0.25102 -0.076929 0.024851 0.0840723 0.0206185 -0.00826276
-0.06086 -0.078518 0.021876 -0.0589955 -0.0338245 -0.0348626
-0.06086 -0.078825 0.010928 -0.0387919 -0.038765 -0.019861
-0.06086 -0.078825 0.02109 -0.0722681 -0.0615871 -0.0249806
-0.091944 -0.069362 -0.006781 -0.0312813 -0.0586063 0.00216378
-0.123029 -0.059592 -0.033865 -0.0583562 -0.0577492 -0.0189069
-0.091944 -0.069362 -0.016942 -0.0800782 -0.058263 -0.0275615
-0.06086 -0.077801 -0.010134 0.0247574 -0.016378 -0.0154779
-0.06086 -0.078467 -0.015238 0.0556091 0.0180525 -0.0148126
-0.06086 -0.078467 -0.005077 0.082628 0.0592318 -0.0172176
-0.091944 -0.069362 -0.027103 0.0870819 0.0325409 -0.00518981
-0.06086 -0.078467 0.005039 0.0154446 -0.0281747 -0.00486878
-0.06086 -0.078159 0.015986 0.052394 0.0154761 -0.0163401
-0.06086 -0.077801 0.010096 0.0449907 0.00924238 -0.0129266
0.25102 -0.074395 -0.023569 0.074839 -0.00450894 -0.00449529
0.25102 -0.075429 -0.026925 0.0539835 -0.0112281 -0.00190673
0.25102 -0.074893 -0.027578 -0.00586837 0.0422648 -0.0330226
0.25102 -0.074308 -0.028186 0.073629 0.0204812 -0.0133661
0.25102 -0.070073 -0.028785 0.0204541 0.0542921 -0.0305575
0.25102 -0.073092 -0.029354 0.0821 0.0698596 -0.0190959
0.25102 -0.072461 -0.029915 -0.0209279 -0.0371299 -0.0214311
0.25102 -0.073723 0.028757 -0.058954 -0.0474271 -0.0178525
0.25102 -0.07381 0.02414 -0.0539798 -0.0659303 -0.00965651
0.25102 -0.070705 0.028187 -0.0336373 -0.0493978 -0.0206536
0.25102 -0.076447 0.025544 -0.0159801 -0.0526436 -0.00310152
0.25102 -0.074931 0.022879 -0.0571726 -0.0576073 -0.0153471
0.25102 -0.075964 0.026236 -0.0356696 -0.0361762 -0.0198168
-0.06086 -0.077792 0.016746 -0.0549837 -0.0544924 -0.0142878
-0.06086 -0.075849 0.01481 -0.0226017 -0.041575 -0.00291928
-0.06086 -0.077782 0.023395 -0.0423475 -0.0411848 -0.0186169
-0.06086 -0.07584 0.021459 -0.0568001 -0.0419602 -0.0236075
-0.06086 -0.073897 0.019523 -0.0420681 -0.0425269 -0.0225521
-0.06086 -0.067686 0.027617 -0.0698899 -0.0636291 -0.0254214
-0.06086 -0.070705 0.028187 -0.0422899 -0.042674 -0.0194871
-0.06086 -0.070792 0.02357 -0.0436455 -0.0458406 -0.0132289
-0.06086 -0.073723 0.028757 -0.0324252 -0.0434184 -0.0281472
-0.06086 -0.07381 0.02414 -0.0673569 -0.0549009 -0.0181947
-0.091944 -0.069362 0.027066 -0.0558693 -0.0567124 -0.0111459
-0.091944 -0.069055 0.027852 -0.0525988 -0.0504265 -0.0143821
-0.123029 -0.059592 0.033828 0.0276096 -0.0210379 -0.00952285
-0.123029 -0.059592 -1.9e-05 0.0489549 0.0103017 -0.0121768
-0.06086 -0.078825 -0.021128 0.0669686 0.0696479 -0.0144286
-0.06086 -0.078159 -0.016024 0.0358588 0.00195961 -0.0122708
-0.06086 -0.078518 -0.021914 0.059294 0.00475635 -0.000274708
-0.091944 -0.069055 -0.027889 0.0283695 -0.018098 -0.00813406
-0.06086 -0.07815 0.022635 0.0781008 0.00695733 -0.00737846
-0.06086 -0.07815 -0.022673 0.024543 -0.022892 -0.0124925
-0.06086 -0.077792 -0.016783 0.0247821 0.00799665 -0.0262281
-0.06086 -0.077782 -0.023432 0.076448 -0.00157437 -0.00662625
-0.091944 -0.068687 -0.028649 0.0111049 0.0426428 -0.0281962
-0.06086 -0.07584 -0.021496 0.0724158 0.00511719 -0.00403458
-0.06086 -0.077355 -0.024161 0.0693346 -0.0017186 -0.0024168
-0.06086 -0.073897 -0.01956 0.024803 -0.0191701 -0.0169373
-0.06086 -0.075413 -0.022225 0.0706615 0.0103937 -0.0111706
-0.06086 -0.076929 -0.024889 0.0976661 0.0678366 -0.0182627
-0.091944 -0.068261 -0.029377 -0.0647405 -0.0516517 -0.0237544
-0.06086 -0.075849 -0.014847 -0.051185 -0.0529142 -0.0180438
-0.06086 -0.076447 -0.025581 -0.0524591 -0.0516627 -0.0197135
-0.06086 -0.074931 -0.022916 -0.0480248 -0.0344379 -0.0187266
-0.06086 -0.075964 -0.026273 -0.0365813 -0.0387185 -0.0231619
-0.091944 -0.067778 -0.030069 -0.0884286 -0.0638935 -0.0294123
0.25102 -0.069401 -0.029294 -0.0697479 -0.0494929 -0.0245733
0.25102 -0.071788 -0.030424 -0.0585088 -0.05084 -0.0216649
0.25102 -0.071115 -0.030933 -0.0481183 -0.0504272 -0.0153446
0.25102 -0.067172 -0.030484 -0.0633095 -0.060244 -0.0100098
0.25102 -0.066658 -0.033313 -0.0383402 -0.0584074 -0.01574
0.25102 -0.063125 -0.033589 0.0336239 0.0265734 -0.0253087
0.25102 -0.066658 0.033276 -0.0389695 -0.0477264 -0.013786
0.25102 -0.067172 0.030447 -0.0371804 -0.0478759 -0.008848
0.25102 -0.063125 0.033552 -0.0621943 -0.0623084 -0.0140501
0.25102 -0.074893 0.02754 -0.0373073 -0.0501734 -0.0187065
0.25102 -0.074395 0.023531 -0.0324086 -0.0488962 -0.0176782
0.25102 -0.074308 0.028149 0.0340698 -0.00467539 -0.0162515
0.25102 -0.073092 0.029318 0.0783387 0.0290445 -0.0088194
0.25102 -0.070073 0.028747 0.0868508 0.0589556 -0.0123469
0.25102 -0.072461 0.029878 -0.0411052 -0.0262559 -0.0313421
0.25102 -0.075429 0.026888 0.059005 0.000495372 -0.00758239
-0.06086 -0.075413 0.022187 -0.0658839 -0.0470469 -0.0321069
-0.06086 -0.077355 0.024123 -0.0284534 -0.0205077 -0.0292755
-0.06086 -0.076929 0.024851 0.077867 0.0108084 -0.0172134
-0.06086 -0.074395 0.023531 0.0370297 -0.0113476 -0.0254506
-0.06086 -0.074893 0.02754 0.0443054 0.0676349 -0.0315269
-0.06086 -0.074308 0.028149 0.0727706 0.0190389 -0.00955492
-0.06086 -0.071115 0.030896 0.0944957 0.0200969 -0.00953829
-0.06086 -0.072419 0.029826 0.0770032 0.0513968 -0.0145209
-0.06086 -0.069401 0.029256 0.0742637 0.0203603 -0.00835787
-0.091944 -0.068687 0.028611 0.0672967 0.0144435 -0.0139808
-0.06086 -0.059592 -0.033865 0.0349043 0.0220922 -0.0235338
-0.091944 -0.059592 -1.9e-05 0.073135 0.069246 -0.0158689
-0.091944 -0.059592 -0.033865 0.0737477 0.0597503 -0.0188039
-0.123029 -0.042256 0.031546 0.0692839 0.0239554 -0.0133118
-0.123029 -0.050924 -0.00116 0.0569706 0.0143638 -0.0171332
-0.123029 -0.050924 0.032687 0.0673205 0.0119036 -0.013879
-0.325478 -0.007221 0.027617 0.0232693 -0.019818 -0.0176777
-0.224253 -0.033406 -0.003124 0.0926651 0.0411942 -0.00691651
-0.224253 -0.033406 0.030723 -0.0596716 -0.0584504 -0.0107662
-0.06086 -0.075429 -0.026925 -0.0785947 -0.0589615 -0.0234725
-0.06086 -0.074395 -0.023569 -0.0738839 -0.0464367 -0.0305382
-0.06086 -0.074893 -0.027578 -0.0437865 -0.0372783 -0.0284077
-0.091944 -0.067242 -0.030721 -0.057356 -0.0581174 -0.0120471
0.25102 -0.06869 -0.029749 -0.0062977 -0.0362913 -0.0175418
0.25102 -0.070404 -0.031388 -0.0797302 -0.0599562 -0.0263715
0.25102 -0.069693 -0.031843 -0.0398703 -0.0607419 -0.00497565
0.09508 -0.062327 -0.033865 -0.0176843 -0.0408823 -0.0193737
0.247112 -0.059592 -0.033865 -0.0527589 -0.060533 -0.0117595
-0.06086 -0.065063 -0.033865 -0.0361492 -0.0491392 -0.0207054
0.091172 -0.062327 -0.033865 -0.0414567 -0.0434696 -0.0175838
0.243204 -0.059592 -0.033865 -0.048426 -0.0648274 -0.00714551
0.25102 -0.067945 -0.030147 -0.0243771 -0.0251761 -0.0223275
0.25102 -0.068205 -0.032638 -0.0656699 -0.0717788 -0.00630626
0.25102 -0.067432 -0.032976 -0.0677244 -0.0618778 -0.0146098
0.25102 -0.062327 -0.033865 -0.0534928 -0.0540862 -0.0182783
0.25102 -0.06586 -0.033589 -0.0389704 -0.0455686 -0.0140941
0.25102 -0.065063 -0.033865 -0.0420788 -0.0587036 -0.0165415
0.25102 -0.068205 0.0326 -0.0813412 -0.0622188 -0.018486
0.25102 -0.067945 0.030108 -0.0749991 -0.0525654 -0.0186567
0.25102 -0.067432 0.032938 -0.0388778 -0.0548205 -0.0178167
0.25102 -0.06586 0.033552 -0.0574387 -0.0283293 -0.0279914
0.25102 -0.062327 0.033828 -0.000386421 -0.0153593 -0.0116203
0.25102 -0.065063 0.033828 0.0177108 -0.00558736 -0.0274547
0.25102 -0.071788 0.030387 0.0519887 0.0148353 -0.00899307
0.25102 -0.069401 0.029256 0.0102836 -0.0340014 -0.011321
0.25102 -0.071115 0.030896 0.00470186 -0.0513997 0.00146269
-0.091944 -0.068261 0.029339 7.81299e-05 -0.0389689 -0.0246973
-0.06086 -0.074931 0.022879 0.00729917 -0.0150396 -0.0200326
-0.06086 -0.076447 0.025544 0.00434026 -0.0211594 -0.0231223
-0.06086 -0.075964 0.026236 -0.0329684 -0.0425203 -0.0146966
-0.06086 -0.075429 0.026888 -0.0415372 -0.0494321 -0.0136708
-0.091944 -0.067242 0.030684 -0.0509867 -0.0556485 -0.0104689
-0.091944 -0.066657 0.031293 -0.0122585 -0.0310841 -0.013314
-0.06086 -0.071788 0.030387 -0.0510506 -0.0387535 -0.0150248
-0.06086 -0.073092 0.029318 -0.0323593 -0.0271705 -0.0299242
-0.06086 -0.072461 0.029878 0.0720156 0.00641804 -0.00375874
-0.091944 -0.065353 0.032362 -0.056884 -0.0447237 -0.0262851
-0.06086 -0.065063 0.033828 0.0645822 0.00933324 -0.0180044
-0.06086 -0.068089 0.032362 0.0843534 0.0083874 -0.00672112
-0.06086 -0.066375 0.030723 0.092192 0.0220223 -0.0114665
-0.027458 -0.059592 -1.9e-05 0.0800439 0.0179333 -0.012832
0.003627 -0.059592 -0.033865 0.0352314 -0.0249821 -0.0114626
0.068113 -0.059592 -0.033865 0.0748233 0.0122432 -0.00815638
-0.123029 -0.042256 -0.031583 0.0641341 0.0742642 -0.0205381
-0.091944 -0.050924 -0.032724 -0.0341309 -0.0394438 -0.0285948
-0.123029 -0.050924 -0.032724 -0.058359 -0.0687 -0.0043618
-0.091944 -0.062327 -0.033865 0.0342633 -0.00979711 -0.00860052
-0.06086 -0.062327 -0.033865 0.0163317 -0.0177776 -0.0177612
-0.123029 -0.050924 -0.032313 0.0284177 0.0131941 -0.023932
-0.123029 -0.042256 0.000393 -0.0330384 -0.0398946 -0.0166534
-0.123029 -0.042256 -0.03076 -0.0469248 -0.0335152 -0.0280365
-0.123029 -0.039129 0.031134 -0.00749438 -0.04303 -0.0136199
-0.123029 -0.036003 0.030722 -0.038561 -0.0501316 -0.0134813
-0.123029 -0.047798 0.032275 -0.0448232 -0.0464622 -0.026099
-0.224253 -0.024739 0.029581 -0.0855082 -0.0786537 -0.0191445
-0.224253 -0.033406 -0.03076 -0.0424643 -0.0696833 -0.00747537
-0.325478 -0.007221 -1.9e-05 -0.0566073 -0.0715958 -0.00570489
-0.325478 -0.007221 -0.027655 -0.0681446 -0.0590956 -0.0174017
0.182626 -0.059592 -0.033865 -0.0413825 -0.0438128 -0.0174643
0.030594 -0.062327 -0.033865 -0.0382961 -0.0676453 -0.00495489
0.122047 -0.059592 -0.033865 -0.0549595 -0.0541324 -0.0177417
0.122047 -0.036003 -0.03076 -0.0615763 -0.0631663 -0.00386869
0.122047 -0.012414 -0.027655 -0.0706851 -0.0640297 -0.0157813
0.182626 -0.036003 -0.03076 -0.0795739 -0.0673419 -0.016397
-0.06086 -0.073723 -0.028794 -0.0555938 -0.0426009 -0.0181906
-0.06086 -0.07381 -0.024177 -0.0733655 -0.0580343 -0.0217455
-0.06086 -0.070705 -0.028225 -0.0582037 -0.0463945 -0.0179746
-0.06086 -0.070792 -0.023608 -0.0667254 -0.0376333 -0.0370466
-0.06086 -0.067686 -0.027655 -0.023579 -0.0464724 -0.0117124
-0.06086 -0.074308 -0.028186 -0.0553391 -0.0547613 -0.0250582
-0.091944 -0.066657 -0.031329 0.161596 0.0291236 0.0184621
-0.06086 -0.073092 -0.029354 -0.0404458 -0.0205973 0.0216018
-0.06086 -0.070073 -0.028785 0.0143473 -0.0029351 0.0273445
-0.06086 -0.072461 -0.029915 -0.0744223 -0.0440073 -0.0247519
-0.091944 -0.066027 -0.03189 0.00729917 -0.0150396 -0.0200326
0.25102 -0.068949 -0.032241 -0.0112861 -0.00398912 -0.0180965
0.09508 -0.065063 -0.033865 -0.0178397 -0.00401661 -0.0144493
0.243204 -0.059592 0.033828 0.00623848 -0.00777044 -0.0229814
0.247112 -0.062327 0.033828 -0.03276 -0.048089 -0.0169445
0.247112 -0.059592 0.033828 0.0498718 0.021542 -0.0150228
0.25102 -0.069693 0.031806 0.0301371 -0.0150631 -0.0206708
0.25102 -0.06869 0.029712 -0.0535287 -0.0534965 -0.0189348
0.25102 -0.068949 0.032203 -0.0266109 -0.0522183 -0.00933971
0.25102 -0.070404 0.031351 -0.0345146 -0.0435993 -0.0228629
0.091172 -0.062327 0.033828 0.0258581 -0.0142701 -0.0213998
0.030594 -0.062327 0.033828 -0.00898749 -0.0105306 -0.00614802
0.182626 -0.059592 0.033828 0.0360013 -0.0157881 -0.0162572
0.122047 -0.059592 0.033828 0.00299937 -0.0285443 -0.0106082
0.243204 -0.036003 0.030723 -0.0393699 -0.0298887 -0.0219545
0.243204 -0.012414 0.027617 -0.00897433 -0.0289472 -0.0169049
0.182626 -0.036003 0.030723 0.00990796 -0.0212544 -0.0141417
-0.091944 -0.067778 0.030032 -0.0592158 -0.0526637 -0.0138821
-0.091944 -0.062327 0.033828 -0.0378172 -0.0289594 -0.0268119
-0.06086 -0.069693 0.031806 -0.0354043 -0.0491 -0.0195162
-0.06086 -0.067378 0.032817 -0.0610896 -0.0686674 -0.00483708
-0.06086 -0.070404 0.031351 -0.0576386 -0.0545098 -0.0166799
-0.06086 -0.059592 0.033828 -0.0340466 -0.023486 -0.0125404
-0.06086 -0.062327 0.033828 0.0274511 0.00441905 -0.0181423
-0.06086 -0.063639 0.030723 -0.0139612 -0.0258992 -0.0176638
0.003627 -0.062327 -0.033865 -0.0190887 -0.0077328 -0.0206484
0.068113 -0.036003 -0.03076 0.0259058 -0.014239 -0.0213541
0.068113 -0.047798 -0.032313 -0.00091784 0.00156445 -0.0318717
0.003627 -0.047798 -0.032313 -0.0128589 -0.0379846 -0.0164435
-0.000491 -0.059592 -1.9e-05 -0.0335644 -0.0554295 -0.00402446
0.09508 -0.059592 -0.033865 -0.0588663 -0.0439319 -0.0185658
-0.123029 -0.036003 -0.03076 -0.0170108 -0.0493009 -0.0154062
-0.091944 -0.047798 -0.032313 -0.0786165 -0.0628948 -0.0160603
-0.123029 -0.039129 -0.031171 -0.0524813 -0.0667299 -0.00824193
-0.123029 -0.042256 -0.031171 -0.103761 -0.0847948 -0.0157647
-0.224253 -0.024739 -0.029619 -0.0100121 -0.0505631 -0.00497918
-0.06086 -0.066658 -0.033313 -0.144212 -0.0968841 -0.0294619
-0.06086 -0.063125 -0.033589 0.0425361 -0.0334623 0.0205889
-0.06086 -0.06586 -0.033589 0.166753 0.0299827 0.0257474
-0.091944 -0.063125 -0.033589 0.0578316 -0.0203371 0.0103829
-0.123029 -0.042256 -1.9e-05 -0.0470081 -0.0388651 -0.0200595
-0.123029 -0.042256 0.031134 -0.0502909 -0.0410609 -0.0269848
-0.123029 -0.042256 0.030722 -0.0300783 -0.0429132 -0.0109252
-0.091944 -0.047798 0.032275 -0.0526083 -0.0561147 -0.0177024
-0.091944 -0.059592 0.033828 -0.0711293 -0.0722759 -0.0152762
-0.123029 -0.042256 0.351518 -0.147781 -0.0751629 -0.0118986
-0.123029 -0.039129 0.19112 -0.117587 -0.0586608 -0.0303506
-0.123029 -0.042256 0.191532 -0.0879099 0.0238555 0.0319356
-0.123029 -0.039129 0.030722 0.152852 0.0329557 0.0282238
-0.224253 -0.021612 0.02917 0.0895543 0.0402692 0.0103122
0.122047 -0.036003 -0.03076 0.0529349 0.0350643 -0.0204267
0.122047 -0.043084 -0.034265 -0.0424615 -0.0312151 -0.0148806
0.122047 -0.047798 -0.032313 0.069013 0.0240401 -0.0175808
0.122047 -0.050166 -0.03777 -0.0271314 -0.0444181 -0.00946867
0.122047 -0.054879 -0.035818 0.0231591 -0.0156052 -0.0177128
0.243204 -0.012414 -0.027655 -0.0234278 -0.0316089 -0.0178317
0.243204 -0.036003 -0.03076 -0.0210923 -0.035511 -0.0209496
0.182626 -0.012414 -0.027655 0.0155896 -0.0139275 -0.0155764
0.122047 -0.024209 -0.029207 -0.0292517 -0.0281074 -0.0292625
-0.06086 -0.071788 -0.030424 -0.0667738 -0.0387671 -0.0323762
-0.06086 -0.069401 -0.029294 -0.0470209 -0.0581406 -0.0122203
-0.06086 -0.071115 -0.030933 -0.0382608 -0.0375659 -0.0268399
-0.091944 -0.065353 -0.032399 -0.0601357 -0.0480136 -0.0193911
0.122047 -0.036003 0.030722 0.0281073 -0.0146579 -0.0188395
0.122047 -0.043084 0.034227 -0.0111857 -0.0322826 -0.0181096
0.122047 -0.038027 0.034893 -0.0430452 -0.0452357 -0.00934203
0.122047 -0.050166 0.037732 -0.0650218 -0.0335994 -0.0338687
0.122047 -0.045108 0.038398 -0.0353335 -0.0559923 -0.00789144
0.122047 -0.04005 0.039064 -0.0281787 -0.048879 -0.0144565
0.09508 -0.065063 0.033828 -0.0403859 -0.0404699 -0.0149968
0.003627 -0.062327 0.033828 -0.108248 -0.0426434 -0.0245675
0.09508 -0.059592 0.033828 -0.0379469 -0.0638964 0.00208859
0.068113 -0.059592 0.033828 -0.0258398 -0.0474619 -0.0203794
0.003627 -0.059592 0.033828 -0.0478796 -0.038598 -0.0213644
0.030594 -0.059592 0.033828 0.0239194 -0.00467929 -0.0226742
0.09508 -0.047798 0.032275 -0.0439876 -0.0320843 -0.0221745
0.122047 -0.047798 0.032275 -0.0596078 -0.0440282 -0.0238463
0.122047 -0.054879 0.03578 -0.083322 -0.0664495 -0.0187126
0.122047 -0.012414 0.027617 -0.0802189 -0.0660895 -0.0160716
0.122047 -0.036003 0.030723 -0.0931317 -0.0769365 -0.0213769
0.182626 -0.012414 0.027617 -0.070908 -0.0691219 -0.0144645
-0.06086 -0.068205 0.0326 -0.0384091 -0.0583719 -0.0060959
-0.06086 -0.068949 0.032203 -0.0804579 -0.0750042 -0.00301368
-0.06086 -0.066634 0.033214 0.151792 0.024426 0.0197286
-0.06086 -0.067172 -0.030484 0.0787511 -0.0250439 0.0206956
-0.06086 -0.063639 -0.03076 0.168195 0.0179377 0.0397521
0.09508 -0.047798 -0.032313 -0.0581021 -0.0367912 -0.0175624
0.09508 -0.036003 -0.03076 0.0513289 0.00222976 -0.00674589
0.019242 -0.036003 -0.03076 -0.000927948 -0.0167259 -0.0108113
-0.045245 -0.047798 -0.032313 -0.136632 -0.0648615 -0.0272993
-0.029629 -0.036003 -0.03076 -0.127219 -0.0734661 -0.0219159
0.122047 -0.059592 -1.9e-05 -0.11443 -0.0663377 -0.0276187
-0.000491 -0.059592 0.033828 -0.0654774 -0.0350527 -0.0202927
-0.076329 -0.036003 -0.03076 -0.156277 -0.0858599 -0.0223289
-0.123029 -0.039129 -0.03076 -0.0466655 -0.0204186 -0.0204294
-0.123029 -0.039129 -0.191139 -0.152215 -0.0686294 -0.0242108
-0.123029 -0.042256 -0.351518 -0.0729126 -0.039198 -0.0256285
-0.123029 -0.042256 -0.191551 -0.0272251 -0.0218164 -0.0302383
-0.224253 -0.021612 -0.029207 0.00325449 -0.0184205 -0.0224058
0.122047 -0.042256 -0.03076 -0.0131451 -0.0134882 -0.0293986
-0.000491 -0.042256 -0.03076 0.00166348 0.00053067 -0.0350913
-0.000491 -0.042256 -0.031171 -0.0354138 -0.0468482 -0.0231554
-0.091944 -0.063898 -0.033252 -0.0396436 -0.0299174 -0.0281153
-0.06086 -0.067432 -0.032976 -0.0325151 -0.049322 -0.0238033
-0.06086 -0.068205 -0.032638 -0.00548725 -0.0284576 -0.0170776
-0.123029 -0.039129 -1.9e-05 -0.0350481 -0.0256771 -0.0289797
-0.045245 -0.047798 0.032275 -0.0547507 -0.0373499 -0.0176042
-0.029629 -0.036003 0.030722 -0.0724149 -0.0363247 -0.0200543
-0.076329 -0.036003 0.030722 -0.0440125 -0.0205472 -0.0145167
-0.123029 -0.036003 0.19112 -0.0127877 -0.0267294 -0.0236268
-0.123029 -0.039129 0.351518 -0.0538516 -0.0128973 -0.0280313
-0.123029 -0.036003 0.351518 -0.0959155 -0.027788 -0.0244173
-0.076329 -0.039129 0.030722 -0.0436122 -0.0292089 -0.0290876
-0.123029 -0.036003 -1.9e-05 -0.0749919 -0.0424179 -0.0209361
-0.317832 -0.007417 0.027617 -0.0371738 -0.0153541 -0.0291335
-0.216608 -0.021808 0.02917 -0.0596277 -0.0123019 -0.0297681
-0.310186 -0.007613 0.027617 -0.0364517 -0.0205163 -0.0259443
0.122047 -0.045108 -0.038435 -0.00296459 -0.0222273 -0.0121982
0.122047 -0.038027 -0.03493 -0.0788959 -0.059016 -0.0124473
0.122047 -0.04005 -0.039101 -0.041607 -0.0490537 -0.00946396
0.122047 -0.036003 -1.9e-05 -0.138149 -0.0569783 -0.0280897
0.122047 -0.047798 -0.001572 -0.113126 -0.0465903 -0.035774
0.182626 -0.022576 -0.027655 -0.0888918 -0.0425108 -0.015192
0.122047 -0.032738 -0.027655 -0.144733 -0.0693604 -0.0180264
0.122047 -0.022576 -0.027655 0.00352693 -0.00861801 -0.0252332
0.122047 -0.03437 -0.029207 0.00866109 -0.0281224 -0.0169512
0.122047 -0.024209 -0.033112 0.0448555 0.0138935 -0.014664
0.122047 -0.036003 -0.038569 -0.0654327 -0.00898524 -0.0245167
0.122047 -0.036003 -0.034665 -0.0597271 -0.0282872 -0.026881
0.09508 -0.024209 -0.029207 -0.0394941 0.00854142 -0.0297825
-0.06086 -0.070404 -0.031388 -0.0411281 -0.0220649 -0.0260256
-0.06086 -0.06869 -0.029749 -0.0434405 -0.0256958 -0.0237451
-0.06086 -0.069693 -0.031843 0.067534 0.0255972 -0.0146596
-0.091944 -0.064643 -0.032854 0.0574525 0.0215977 -0.0174991
-0.06086 -0.067945 -0.030147 0.0334493 0.0565214 -0.0310415
-0.06086 -0.068949 -0.032241 0.0648335 0.0313468 -0.025038
0.122047 -0.036003 0.034627 -0.0327443 -0.0392364 -0.0222362
0.122047 -0.038027 0.038797 -0.0433338 -0.0333622 -0.0245734
0.122047 -0.036003 0.038531 0.0506814 0.0488951 -0.0333344
-0.06086 -0.06586 0.033552 0.0410752 0.015401 -0.0190638
-0.06086 -0.067432 0.032938 0.0274357 0.0618967 -0.0393096
-0.06086 -0.066658 0.033276 0.00990059 -0.000611529 -0.0177378
0.068113 -0.047798 0.032275 -0.0147832 0.0191175 -0.0145499
0.068113 -0.036003 0.030722 0.0611225 0.0122337 -0.0141634
0.003627 -0.047798 0.032275 0.055735 0.0112034 -0.0113238
0.09508 -0.036003 0.030722 0.0757317 0.0315562 -0.0194169
0.122047 -0.024209 0.02917 0.0104457 0.00227604 -0.0250491
0.122047 -0.032738 0.027617 0.00339695 -0.00880226 -0.0194593
0.182626 -0.022576 0.027617 0.0292277 0.0188225 -0.0244957
0.122047 -0.022576 0.027617 0.0373929 0.0535321 -0.0384289
0.119079 -0.036003 -0.038139 0.0509784 0.0207194 -0.0184807
0.093596 -0.036003 -0.03445 -0.0171533 -0.0102177 -0.0177186
0.120563 -0.036003 -0.03445 -0.012117 -0.0105495 -0.0249119
0.122047 -0.039129 -0.03076 -0.0106281 -0.0134492 -0.0254635
0.09508 -0.039129 -0.03076 -0.00878124 -0.00713461 -0.0241372
0.068113 -0.039129 -0.03076 0.0618093 0.0276871 -0.0227788
0.068113 -0.042256 -0.03076 0.0484324 0.0243744 -0.0231716
0.019242 -0.039129 -0.03076 0.00719927 0.0541576 -0.0402057
0.068113 -0.012414 -0.027655 0.0425274 0.0197831 -0.0244878
0.068113 -0.024209 -0.029207 0.0492483 0.0147391 -0.016796
0.019242 -0.024209 -0.029207 0.0317223 0.0231969 -0.0251857
0.044725 -0.036003 -0.03445 -0.0482115 -0.0078068 -0.0350002
-0.076329 -0.039129 -0.03076 -0.0435957 -0.00169922 -0.0395142
-0.123029 -0.012414 -0.027655 -0.0556709 -0.0200833 -0.0251527
-0.076329 -0.024209 -0.029207 -0.0366568 -0.0395548 -0.0310078
-0.123029 -0.024209 -0.029207 -0.0407906 -0.0203864 -0.0306027
-0.001975 -0.036003 -0.03445 -0.0549123 -0.033847 -0.025987
-0.123029 -0.039129 -0.351518 -0.0327166 -0.0021525 -0.0357609
-0.123029 -0.036003 -0.191139 -0.0231186 -0.02668 -0.0169742
-0.123029 -0.036003 -0.351518 0.00422394 0.0023851 -0.0205209
-0.197641 -0.022295 -0.029207 -0.0548858 -0.043689 -0.0236261
-0.298865 -0.007904 -0.027655 -0.0413011 -0.0295947 -0.0189979
-0.272252 -0.008586 -0.027655 -0.00418729 -0.0278734 -0.0119717
0.09508 -0.042256 -0.03076 -0.0269773 -0.0227639 -0.0214826
-0.027458 -0.042256 -0.03076 -0.0342732 -0.0210792 -0.0262252
0.068113 -0.042256 0.030722 -0.0371549 -0.0282274 -0.0186408
0.068113 -0.039129 0.030722 -0.0398879 -0.0293259 -0.0189897
-0.027458 -0.042256 0.030722 -0.0188337 -0.035883 -0.0125043
-0.027458 -0.039129 0.030722 -0.0200129 -0.0108466 -0.0227422
0.019242 -0.036003 0.030722 0.0185727 -0.0163495 -0.00870781
-0.076329 -0.024209 0.02917 -0.0418616 -0.0279224 -0.0221566
-0.123029 -0.012414 0.027617 -0.0275919 -0.0515036 -0.0163199
-0.123029 -0.024209 0.02917 -0.0449861 -0.0324461 -0.0210874
-0.001975 -0.036003 0.034412 -0.00514691 -0.0281852 -0.0132835
0.119079 -0.036003 0.038102 -0.0401095 -0.0275358 -0.0225995
0.044725 -0.036003 0.034412 -0.0372003 -0.0194067 -0.0314383
-0.123029 -0.024209 0.001534 -0.0141399 -0.0140891 -0.0269318
-0.216608 -0.010014 0.027617 -0.0172159 -0.0142826 -0.026936
0.122047 -0.038027 -0.038835 -0.0142462 -0.028502 -0.019774
0.122047 -0.03437 0.001534 -0.0209505 -0.0154365 -0.0255844
0.122047 -0.020509 -0.033865 -0.0347553 -0.0233034 -0.0278734
0.122047 -0.016462 -0.03076 0.00435262 -0.0142322 -0.0131727
0.122047 -0.025222 -0.035818 0.0971706 0.0386937 -0.016125
0.122047 -0.021174 -0.032712 0.00550948 -0.00692844 -0.0231023
0.122047 -0.029935 -0.03777 0.0179784 0.00173286 -0.0135477
0.09508 -0.028256 -0.032313 0.00643271 -0.0206936 -0.020563
0.247112 -0.022576 -0.027655 -0.00869955 -0.0149164 -0.0141242
0.25102 -0.032738 -0.027655 -0.00169672 -0.00432821 -0.0195258
0.186534 -0.032738 -0.027655 -0.00859102 -0.0119453 -0.0202604
0.122047 -0.032738 -1.9e-05 -0.00421974 -0.0159482 -0.0132047
0.122047 -0.022576 -1.9e-05 -0.0458523 -0.0303843 -0.0288719
0.122047 -0.032969 -0.038169 -0.0225887 -0.0112918 -0.0234261
0.120563 -0.036003 -0.038354 0.00277494 -0.0402383 -0.00981351
0.09508 -0.012414 -0.027655 0.0215984 0.00438828 -0.016714
0.122047 -0.032969 0.038131 -0.00275063 -0.0286681 -0.0111311
0.122047 -0.032969 0.034227 0.0289658 -0.013741 -0.00925759
0.122047 -0.029935 0.037732 0.00938481 -0.0159691 -0.0221349
0.120563 -0.036003 0.038317 0.00767665 -0.0134098 -0.0152957
0.120563 -0.036003 0.034412 -0.0127451 -0.0272492 -0.0206919
0.09508 -0.024209 0.02917 0.00184445 -0.00356149 -0.0248591
0.09508 -0.039129 0.030722 0.026562 0.00734022 -0.0148607
0.093596 -0.036003 0.034412 0.0162106 0.00244643 -0.0189534
0.122047 -0.021174 0.032675 -0.0275283 -0.0249548 -0.0240896
0.122047 -0.03437 0.02917 -0.0273558 -0.0244226 -0.0169196
0.122047 -0.020509 0.033828 0.00204522 -0.0152818 -0.0222219
0.122047 -0.025222 0.03578 0.00444084 -0.0289645 -0.0212257
0.122047 -0.016462 0.030723 -0.0257636 -0.0313553 -0.026305
0.09508 -0.028256 0.032275 -0.0325959 -0.0330923 -0.0188613
0.25102 -0.032738 0.027617 -0.0055871 -0.00611451 -0.022188
0.247112 -0.022576 0.027617 0.00346196 -0.0165107 -0.0213531
0.186534 -0.032738 0.027617 -0.0173816 -0.0129336 -0.0202108
0.122047 -0.012414 -1.9e-05 0.00928282 -0.0274338 -0.0159777
0.09508 -0.032969 -0.034265 0.00174298 -0.0223947 -0.0155736
0.120563 -0.032969 -0.037955 -0.00621029 -0.00258649 -0.0220121
-0.027458 -0.012414 -0.027655 -0.0242041 -0.027181 -0.0241823
-0.197641 -0.0105 -0.027655 0.010544 -0.0133246 -0.0233211
0.09508 -0.042256 0.030722 0.00519328 -0.0285848 -0.00690087
0.122047 -0.039129 0.030722 0.0262223 -0.00341092 -0.0193656
0.122047 -0.042256 0.030722 -0.0522962 -0.0319703 -0.00618888
0.068113 -0.024209 0.02917 -0.0235023 -0.0181885 -0.0234597
0.068113 -0.012414 0.027617 0.00529038 -0.000368884 -0.0238458
0.019242 -0.024209 0.02917 0.0228394 -0.0100732 -0.0146573
-0.027458 -0.012414 0.027617 -0.00491056 -0.0174168 -0.0137817
-0.123029 -0.012414 -1.9e-05 0.0690693 0.0271839 -0.0119112
0.122047 -0.003517 -0.028955 0.0087149 0.00308162 -0.0204017
0.122047 -0.007966 -0.028305 0.0140611 0.00502312 -0.0244436
0.122047 -0.007966 -0.000669 -0.0430798 -0.0486832 -0.0192796
0.25102 -0.022576 -0.027655 0.0754454 0.0283619 -0.011734
0.247112 -0.012414 -0.027655 -0.0449585 -0.0248936 -0.0352785
0.186534 -0.032738 -1.9e-05 -0.0902388 -0.0634128 -0.0200096
0.25102 -0.032738 -1.9e-05 0.0175321 -0.00572319 -0.0223695
0.09508 -0.032969 0.034227 -0.0254841 -0.0444766 -0.0219056
0.09508 -0.036003 0.034627 -0.0232259 -0.022951 -0.0223668
0.09508 -0.012414 0.027617 -0.00497291 -0.00561274 -0.0217522
0.122047 -0.007966 0.028267 -0.00671623 -0.0177158 -0.0272079
0.122047 -0.003517 -1.9e-05 0.0443887 0.00242384 -0.00827633
0.122047 -0.003517 0.028917 0.0103832 -0.0220435 -0.0207895
0.247112 -0.012414 0.027617 -0.0649574 -0.0435472 -0.0208632
0.25102 -0.022576 0.027617 -0.00439685 -0.0259897 -0.0175919
-0.197641 -0.0105 -1.9e-05 -0.0109771 -0.00501804 -0.0324882
0.25102 -0.010729 -0.025733 -0.0731386 -0.0223827 -0.0341252
0.25102 -0.009044 -0.023811 -0.080485 -0.0304749 -0.03119
0.25102 -0.007624 -0.021686 -0.0554547 0.00317343 -0.0377468
0.25102 -0.012414 -1.9e-05 -0.0912119 -0.075477 -0.02453
0.25102 -0.022576 -1.9e-05 -0.0617032 -0.0326721 -0.0231271
0.122047 0.000916 0.000728 0.0466329 0.0196073 -0.025177
0.122047 0.000916 -0.028209 -0.0196422 -0.0224779 -0.00642247
0.122047 0.00535 -0.027462 -0.111146 -0.0574186 -0.02365
0.25102 -0.009044 0.023773 0.0398802 0.0143925 -0.0274206
0.25102 -0.010729 0.025695 0.0404682 0.0239309 -0.0220087
0.25102 -0.007624 0.021648 -0.0508475 -0.0302659 -0.0235339
0.25102 -0.006203 -1.9e-05 -0.109468 -0.0524067 -0.0174138
0.25102 -0.009309 -0.004066 0.0448211 0.0179169 -0.0269171
0.122047 0.000916 0.028171 -0.0265086 -0.0252269 -0.0175076
0.122047 0.00535 -1.8e-05 0.0388175 0.0238475 -0.0171385
0.122047 0.00535 0.027425 -0.0609494 -0.0457505 -0.0263339
0.25102 -0.005073 -0.017268 -0.0361341 -0.0304294 -0.0193834
0.25102 -0.003942 -0.014975 -0.0275444 -0.00874264 -0.0322598
0.25102 -0.003121 -0.012555 -0.0700523 -0.0412685 -0.0286985
0.25102 -0.004251 -0.004732 -0.0533937 -0.0204147 -0.0303542
0.122047 0.00934 0.002053 -0.0797339 -0.0397348 -0.0251629
0.122047 0.00934 -0.025391 -0.0672382 -0.0117984 -0.0296953
0.122047 0.01333 -0.023319 -0.0870766 -0.0449065 -0.0264699
0.25102 -0.002299 -1.9e-05 -0.0658988 -0.040527 -0.0264617
0.25102 -0.003942 0.014937 -0.0812995 -0.0683355 -0.0143076
0.25102 -0.005073 0.01723 -0.0869974 -0.0447777 -0.0307197
0.25102 -0.003121 0.012517 -0.00964733 -0.0154012 -0.0210878
0.122047 0.00934 0.025354 -0.0264852 -0.0123482 -0.0358431
0.122047 0.01333 -1.8e-05 0.0702615 0.0387515 -0.0205669
0.122047 0.01333 0.023282 0.0322628 0.0222379 -0.0266261
0.122047 0.016492 0.003178 -0.0796996 -0.0404501 -0.0312957
0.122047 0.016492 -0.020123 0.0845431 0.0315824 -0.012466
0.122047 0.019654 -0.016926 0.0499103 0.0309581 -0.0175127
0.25102 -0.001302 0.005083 -0.0701211 -0.0564884 -0.0250597
0.25102 -0.001801 0.00759 0.000932312 0.000458996 -0.0204052
0.25102 -0.001135 0.002532 -0.111875 -0.0316634 -0.045917
0.25102 -0.001801 -0.007627 -0.051438 -0.0355993 -0.0295496
0.25102 -0.001302 -0.00512 -0.0612585 -0.0235374 -0.0222067
0.25102 -0.001135 -0.00257 -0.0687847 -0.0239473 -0.0311419
0.122047 0.016492 0.020085 -0.0616195 -0.0530163 -0.0208408
0.122047 0.019654 -1.8e-05 -0.111571 -0.0744468 -0.0215325
0.122047 0.019654 0.016889 -0.0413601 -0.0364649 -0.0241233
0.122047 0.021682 0.003994 -0.0215872 0.00122201 -0.0383366
0.122047 0.021682 -0.012914 -0.0705181 -0.0344965 -0.0317174
0.122047 0.02371 -0.008902 -0.0960627 -0.0147277 -0.0383705
0.122047 0.021682 0.012877 -0.102617 -0.0474482 -0.0256127
0.122047 0.02371 -1.9e-05 -0.0940589 -0.00263469 -0.0432466
0.122047 0.02371 0.008864 0.0512886 0.0227722 -0.0186778
0.122047 0.025108 -1.9e-05 0.0412479 0.0210707 -0.0246351
0.122047 0.024409 -0.004461 -0.103902 -0.0611555 -0.0298642
0.122047 0.024409 0.004423 0.00706549 0.00198429 -0.0282822
0.247112 -0.077801 0.010096 0.0831614 0.0301286 -0.0134658
0.243204 -0.077801 0.010096 -0.140644 -0.0785136 -0.0388965
0.247112 -0.078467 0.005039 -0.0147055 -0.00211073 -0.0253988
0.247112 -0.078467 -0.005077 -0.04285 -0.0035834 -0.025709
0.247112 -0.077801 -0.010134 -0.0493448 0.0159507 -0.0461573
0.243204 -0.077801 -0.010134 -0.104033 -0.0588764 -0.0270302
0.247112 -0.075849 -0.014847 -0.0984858 -0.0134969 -0.038499
0.243204 -0.078467 0.005039 -0.061397 -0.0326944 -0.0147662
0.243204 -0.075849 0.01481 -0.0818583 -0.048979 -0.0241172
0.247112 -0.075849 0.01481 -0.0621309 -0.0316442 -0.0240325
0.243204 -0.073897 0.019523 -0.058206 -0.0198924 -0.0295179
0.243204 -0.078467 -0.005077 -0.0387339 -0.0053581 -0.0183541
0.243204 -0.073897 -0.01956 0.049785 0.0269412 -0.0189747
0.247112 -0.073897 -0.01956 0.0570751 0.0271654 -0.0166183
0.243204 -0.075849 -0.014847 -0.0990692 -0.0561201 -0.0299446
0.247112 -0.073897 0.019523 -0.0660803 -0.0194667 -0.0414041
0.091172 -0.077801 0.010096 -0.0456484 0.000371531 -0.0370325
0.091172 -0.078467 0.005039 -0.0703334 -0.0133214 -0.0426877
0.091172 -0.075849 0.01481 -0.13767 -0.06245 -0.033504
0.091172 -0.073897 0.019523 -0.0914023 -0.0272154 -0.026422
0.09508 -0.078825 0.02109 -0.0913102 -0.0552613 -0.0335704
0.091172 -0.078467 -0.005077 -0.112493 -0.0655783 -0.0303269
0.09508 -0.078825 -0.021128 0.0481611 0.0158898 -0.0186429
0.09508 -0.078518 -0.021914 0.0637377 0.0331959 -0.0203853
0.09508 -0.07815 -0.022673 -0.0358576 -0.00176268 -0.0318934
0.09508 -0.077782 -0.023432 -0.0797676 -0.0353161 -0.02479
0.247112 -0.070792 -0.023608 -0.136536 -0.0709931 -0.0394473
0.091172 -0.075849 -0.014847 -0.0451038 -0.0245724 -0.037764
0.091172 -0.077801 -0.010134 -0.156049 -0.0837425 -0.0315624
0.09508 -0.077355 -0.024161 -0.101915 -0.0270188 -0.038317
0.09508 -0.076929 -0.024889 -0.0567631 -0.0129857 -0.0289604
0.243204 -0.070792 0.02357 -0.0225877 -0.00778446 -0.0203089
0.247112 -0.070792 0.02357 0.0634504 0.021936 -0.0228437
0.243204 -0.067686 0.027617 0.067617 0.0234365 -0.0208287
0.091172 -0.070792 0.02357 0.0448464 0.00942808 -0.0151455
0.09508 -0.07815 0.022635 0.0657734 0.0219089 -0.0131301
0.09508 -0.078518 0.021876 0.023997 0.0177917 -0.0232198
0.243204 -0.067686 -0.027655 0.0560476 0.02013 -0.0176364
0.247112 -0.067686 -0.027655 0.0565005 0.0131544 -0.0168444
0.243204 -0.070792 -0.023608 0.0679368 0.0242059 -0.0205032
0.091172 -0.073897 -0.01956 0.0419701 0.0150995 -0.0218011
0.09508 -0.076447 -0.025581 0.0408828 -0.000207115 -0.0202595
0.09508 -0.075964 -0.026273 0.0476103 0.0235134 -0.031367
0.247112 -0.067686 0.027617 0.0258726 -0.00035848 -0.0254434
0.091172 -0.067686 0.027617 0.043862 0.0251328 -0.0255133
0.09508 -0.077355 0.024123 0.0406509 0.0211024 -0.0176152
0.09508 -0.077782 0.023395 0.0480492 0.0213393 -0.0193365
0.243204 -0.063639 -0.03076 0.0820683 0.0187799 -0.00872648
0.247112 -0.063639 -0.03076 0.0385324 0.019172 -0.0267388
0.091172 -0.070792 -0.023608 0.0514803 0.0284233 -0.0277069
0.09508 -0.075429 -0.026925 0.0458868 0.0201628 -0.026196
0.09508 -0.074893 -0.027578 0.0638984 0.0231051 -0.0248451
0.09508 -0.074308 -0.028186 0.0636471 0.0288705 -0.0191906
0.09508 -0.073723 -0.028794 0.06129 0.0321473 -0.0197212
0.09508 -0.073092 -0.029354 0.0483174 0.0126224 -0.023567
0.247112 -0.063639 0.030723 0.0453276 0.0160602 -0.0219089
0.243204 -0.063639 0.030723 0.0429284 0.00536745 -0.0153804
0.091172 -0.063639 0.030723 0.0447398 0.00384047 -0.0101055
0.09508 -0.076447 0.025544 0.0358033 0.0193128 -0.0252171
0.09508 -0.076929 0.024851 0.0563347 0.00957047 -0.00900861
0.182626 -0.063639 -0.03076 0.0579564 0.0200476 -0.013806
0.091172 -0.067686 -0.027655 0.0431093 0.0193819 -0.0161565
0.09508 -0.072461 -0.029915 0.0247652 0.00630272 -0.0206345
0.09508 -0.071788 -0.030424 0.064685 0.0287331 -0.0188366
0.247112 -0.054879 -0.035818 0.06309 0.0184159 -0.00901373
0.186534 -0.054879 0.03578 0.0555612 0.0178859 -0.0184957
0.186534 -0.050166 0.037732 0.0384258 0.0179765 -0.0304092
0.09508 -0.074308 0.028149 0.0302039 0.0093005 -0.0296509
0.09508 -0.074893 0.02754 0.0627161 0.0130298 -0.012296
0.09508 -0.073092 0.029318 0.0476933 0.00738118 -0.0215417
0.09508 -0.072461 0.029878 0.0458723 0.0156022 -0.0212832
0.030594 -0.063639 0.030723 0.0491844 0.0162185 -0.0202437
0.09508 -0.075429 0.026888 0.0592886 0.0241736 -0.0230611
0.09508 -0.075964 0.026236 0.0434795 0.0158754 -0.0213158
0.09508 -0.073723 0.028757 0.0537134 0.0204974 -0.021546
0.030594 -0.063639 -0.03076 0.0476202 0.0169907 -0.0148449
0.182626 -0.054879 -0.035818 0.0249446 0.0100123 -0.0272969
0.09508 -0.071115 -0.030933 0.0207495 0.00384389 -0.0274059
0.09508 -0.070404 -0.031388 0.040913 0.00201595 -0.0186826
0.186534 -0.050166 -0.03777 0.0338935 0.00643595 -0.0188567
0.09508 -0.067432 -0.032976 0.03797 -0.0016836 -0.0203164
0.09508 -0.068205 -0.032638 -0.00308158 -0.00520091 -0.0263965
0.09508 -0.06586 -0.033589 0.00179547 -0.015256 -0.0277121
0.09508 -0.066658 -0.033313 0.00363748 0.000177674 -0.027401
0.182626 -0.054879 0.03578 0.0213439 -0.00603188 -0.0198022
0.186534 -0.045108 0.038398 -0.0113502 -0.0212654 -0.0189394
0.09508 -0.067432 0.032938 0.00761571 -0.0115286 -0.0249208
0.09508 -0.066658 0.033276 0.00278384 0.00230429 -0.0321081
0.09508 -0.06586 0.033552 0.0230367 -0.0120186 -0.0190459
0.09508 -0.071788 0.030387 0.0095021 0.00557984 -0.0245855
0.09508 -0.071115 0.030896 0.0107444 -0.00248473 -0.0237123
0.003627 -0.063639 0.030723 -0.0128876 -0.000232644 -0.0249812
0.003627 -0.063639 -0.03076 0.00356471 -0.0163324 -0.0159831
0.09508 -0.069693 -0.031843 0.022459 0.00352071 -0.0175354
0.09508 -0.068949 -0.032241 -0.0272961 -0.0122733 -0.0343789
0.186534 -0.045108 -0.038435 -0.0200924 -0.00837938 -0.0228611
0.186534 -0.04005 0.039064 0.00393297 -0.0162979 -0.0146525
0.09508 -0.068949 0.032203 0.0105183 0.00417793 -0.0194557
0.09508 -0.068205 0.0326 -0.0451699 -0.0183176 -0.0349496
0.09508 -0.070404 0.031351 8.97712e-05 -0.0081418 -0.0208162
0.09508 -0.069693 0.031806 0.0112513 0.00217367 -0.0178628
0.182626 -0.016462 -0.03076 -0.108505 0.0802333 0.03019
0.186534 -0.04005 -0.039101 -0.0985611 0.0651329 0.0205635
0.186534 -0.034993 0.038398 -0.0980502 0.0549925 0.0319033
0.122047 -0.034993 0.038398 -0.0746781 0.0810638 0.0243895
0.182626 -0.016462 0.030723 -0.0598188 0.0844447 0.0262827
0.186534 -0.016462 -0.03076 -0.071868 0.0799303 0.0250135
0.186534 -0.034993 -0.038435 -0.0956263 0.0742059 0.0298006
0.186534 -0.029935 0.037732 -0.105446 0.0646908 0.025029
0.247112 -0.016462 0.030723 -0.0941064 0.074043 0.0262101
0.186534 -0.020509 0.033828 -0.07457 0.0876163 0.0234532
-0.327285 0.008386 -0.025538 -0.0905258 0.0744201 0.031768
-0.129586 0.005841 -0.025538 -0.0878894 0.0900563 0.0303191
-0.326842 0.00456 -0.026635 -0.0984941 0.0843985 0.0316357
0.068113 0.003296 -0.025538 -0.0928427 0.0716062 0.031078
-0.129143 0.002015 -0.026635 -0.100524 0.079285 0.0272442
-0.326399 0.000735 -0.027733 -0.0739554 0.0783113 0.0240393
0.122047 -0.034993 -0.038435 -0.0952661 0.0908131 0.0309049
0.068113 -0.004406 -0.027733 -0.0826793 0.0847739 0.041498
0.09508 -0.003961 -0.028344 -0.104005 0.0773696 0.0304565
0.09508 -0.00841 -0.027694 -0.0759465 0.0717464 0.0236133
0.186534 -0.020509 -0.033865 -0.0884212 0.07918 0.0403679
0.186534 -0.025222 -0.035818 -0.0905134 0.0811372 0.0202796
0.068113 -0.00841 -0.027694 -0.0937947 0.0753899 0.0203271
0.186534 -0.029935 -0.03777 -0.0803701 0.0843922 0.0306862
0.186534 -0.025222 0.03578 -0.0969509 0.0786907 0.0347723
0.068113 -0.004406 0.027695 -0.0641151 0.0630054 0.0205302
0.09508 -0.00841 0.027656 -0.0933771 0.0856197 0.0357977
0.09508 -0.003961 0.028306 -0.0741553 0.0914614 0.0209465
-0.129143 -0.00584 -0.027694 -0.0742447 0.0759179 0.0199258
-0.224714 -0.00584 -0.027694 -0.0731672 0.0961256 0.029308
-0.326399 0.000735 0.027695 -0.0822676 0.0700264 0.0230028
-0.224714 -0.00584 0.027656 -0.109699 0.0716872 0.0209732
-0.129143 -0.00584 0.027656 -0.0805962 0.0869681 0.0278183
-0.327285 0.008386 0.025501 -0.0951082 0.0793466 0.0284302
-0.326842 0.00456 0.026598 -0.0888624 0.0751157 0.0296863
-0.129586 0.00199 0.026598 -0.0906585 0.0929034 0.0234345
-0.129143 -0.001836 0.027695 -0.0697768 0.09515 0.0243816
-0.328063 0.015105 -0.021251 -0.096431 0.0886822 0.0298501
-0.129975 0.009201 -0.023394 -0.0639943 0.0945144 0.0269168
-0.327674 0.011745 -0.023394 -0.0568863 0.0707353 0.0225229
-0.129143 -0.001836 -0.027733 -0.0941162 0.0904672 0.0291319
0.068113 -0.000555 -0.026635 -0.0614704 0.09711 0.0239126
0.09508 -0.000111 -0.027247 -0.0787721 0.0886194 0.0340584
0.068113 -0.00841 0.027656 -0.0514215 0.0804834 0.0222784
0.068113 -0.000555 0.026598 -0.0886721 0.0812203 0.0246287
0.09508 -0.000111 0.027209 -0.0848989 0.0772952 0.0284694
0.068113 0.003296 0.025501 -0.0654818 0.0924636 0.0272627
-0.129586 0.005841 0.025501 -0.0876253 0.0840414 0.0216162
-0.129975 0.012583 -0.021251 -0.0781493 0.0883511 0.0234694
0.068113 0.010061 -0.021251 -0.0964183 0.0952976 0.0252888
0.068113 0.006679 -0.023394 -0.0728547 0.0809139 0.0172814
0.09508 0.004323 -0.0265 -0.106071 0.069796 0.0304903
0.09508 0.004323 0.026463 -0.0762297 0.0940681 0.0242581
-0.328063 0.015105 0.021213 -0.0964167 0.0804517 0.0328144
-0.327674 0.011745 0.023357 -0.0634839 0.0837449 0.0208532
-0.129975 0.009201 0.023357 -0.0638495 0.080774 0.007439
-0.328366 0.017724 -0.018236 -0.0855494 0.0923525 0.0262598
-0.328669 0.020342 -0.015221 -0.0923418 0.0950821 0.0278215
-0.130278 0.015202 -0.018236 -0.0714392 0.0845806 0.0346159
0.09508 0.007706 -0.024357 -0.0818081 0.0891074 0.0275181
0.068113 0.006679 0.023357 -0.09791 0.0763029 0.0235639
0.09508 0.007706 0.024319 -0.107694 0.0736478 0.0247856
0.068113 0.010061 0.021213 -0.0754504 0.0826433 0.020887
-0.129975 0.012583 0.021213 -0.0669619 0.0891331 0.0193584
0.068113 0.012696 -0.018236 -0.0958564 0.0830326 0.0257555
-0.130278 0.017837 -0.015221 -0.098491 0.0841248 0.0357487
0.068113 0.015332 -0.015221 -0.0998359 0.0822742 0.0382012
0.09508 0.011696 -0.022285 -0.0867156 0.0656864 0.0117962
0.09508 0.011696 0.022248 -0.112535 0.0677768 0.0194492
0.068113 0.015332 0.015184 -0.0802576 0.0770016 0.0285416
-0.129975 0.015218 0.018198 -0.0926859 0.0780557 0.0332835
0.068113 0.012696 0.018198 -0.0819946 0.0875583 0.0228233
-0.328669 0.020342 0.015184 -0.0981014 0.0834931 0.0233568
-0.328366 0.017724 0.018198 -0.0844217 0.078163 0.0272513
-0.130278 0.017837 0.015184 -0.106282 0.0891429 0.0273818
-0.328862 0.022004 -0.011583 -0.109012 0.07937 0.0393357
-0.329054 0.023666 -0.007945 -0.100808 0.0801901 0.0303902
-0.13047 0.019499 -0.011583 -0.0984179 0.0833383 0.0211492
0.09508 0.014331 -0.01927 -0.094885 0.0802414 0.021625
0.09508 0.014331 0.019233 -0.106734 0.0838493 0.0253766
0.068113 0.018679 0.007908 -0.0896541 0.102465 0.0302286
-0.130278 0.019511 0.011546 -0.111543 0.0753882 0.0296601
0.068113 0.017006 0.011546 -0.0939551 0.0698669 0.0210613
0.068113 0.017006 -0.011583 -0.0983187 0.0696104 0.0177916
-0.13047 0.021173 -0.007945 -0.0705994 0.0910535 0.0221325
0.068113 0.018679 -0.007945 -0.0915002 0.0813212 0.0226606
0.09508 0.017493 -0.016074 -0.108689 0.0772659 0.0259528
0.09508 0.017493 0.016037 -0.0637331 0.103113 0.0191432
-0.329054 0.023666 0.007908 -0.075853 0.0767353 0.018267
-0.328862 0.022004 0.011546 -0.07963 0.0827057 0.0200475
-0.13047 0.021173 0.007908 -0.113731 0.0639264 0.0243402
0.09508 0.019167 0.012399 -0.105739 0.0734253 0.0169639
0.09508 0.019167 -0.012436 -0.111966 0.0666553 0.0188412
0.068113 0.019826 -1.9e-05 -0.104712 0.0760647 0.0233842
-0.13047 0.021746 0.003945 -0.0539997 0.0946919 0.0191418
0.068113 0.019252 0.003945 -0.0994233 0.0842236 0.0233889
0.09508 0.021194 0.008386 -0.100391 0.0747334 0.020348
-0.130537 0.022316 -1.9e-05 -0.0556972 0.0910478 0.0263735
-0.329186 0.024805 -1.9e-05 -0.11195 0.0825037 0.0216764
-0.32912 0.024236 0.003945 -0.110335 0.0858829 0.0252387
0.09508 0.021194 -0.008424 -0.10376 0.0649648 0.0318541
0.09508 0.021768 0.004423 -0.107249 0.0697066 0.0177317
-0.287299 0.02428 -1.9e-05 -0.10006 0.0959206 0.0251324
-0.088649 0.02179 -1.9e-05 -0.101251 0.0713105 0.0216341
-0.245412 0.023755 -1.9e-05 -0.0637776 0.0903028 0.0179935
-0.088649 0.021217 -0.003982 -0.082067 0.0703427 0.0256623
0.068113 0.019252 -0.003982 -0.113695 0.0869585 0.0251169
0.09508 0.021768 -0.004461 -0.0935596 0.0625856 0.027231
0.09508 0.022467 -1.9e-05 -0.13732 0.0720153 0.0251915
0.243204 -0.009044 -0.023811 -0.0960146 0.075247 0.0112112
0.247112 -0.009044 -0.023811 -0.0675675 0.0943314 0.0238814
0.243204 -0.010729 -0.025733 -0.114788 0.0657491 0.0220821
0.247112 -0.010729 -0.025733 -0.102662 0.0600901 0.0220195
0.243204 -0.010729 0.025695 -0.116478 0.0495962 0.0159167
0.247112 -0.010729 0.025695 -0.089702 0.0718273 0.019569
0.243204 -0.009044 0.023773 -0.116638 0.0834352 0.0165444
0.247112 -0.007624 -0.021686 -0.111421 0.0886161 0.0212925
0.247112 -0.009044 0.023773 -0.0809003 0.092606 0.0167066
0.243204 -0.006203 -0.01956 -0.101126 0.0820085 0.0152661
0.247112 -0.006203 -0.01956 -0.09552 0.085218 0.0186744
0.243204 -0.007624 -0.021686 -0.0838983 0.0765913 0.0126122
0.243204 -0.007624 0.021648 -0.107653 0.072644 0.0166079
0.247112 -0.007624 0.021648 -0.109786 0.0758537 0.0204391
0.243204 -0.006203 0.019523 -0.109643 0.0685032 0.0255959
0.247112 -0.005073 -0.017268 -0.0762972 0.0789072 0.0104823
0.247112 -0.006203 0.019523 -0.117488 0.0835544 0.0195001
0.243204 -0.003942 -0.014975 -0.0873712 0.0724502 0.0265273
0.247112 -0.003942 -0.014975 -0.0954269 0.084613 0.0177327
0.243204 -0.005073 -0.017268 -0.106994 0.0835183 0.0178727
0.243204 -0.005073 0.01723 -0.0836311 0.0671562 0.0239661
0.247112 -0.005073 0.01723 -0.113139 0.0723117 0.0116833
0.243204 -0.003942 0.014937 -0.13016 0.0777905 0.025238
0.247112 -0.003121 -0.012555 -0.10565 0.0862519 0.0294215
0.247112 -0.003942 0.014937 -0.110097 0.0835394 0.0175836
0.243204 -0.002299 -0.010134 -0.102783 0.0644954 0.0239145
0.247112 -0.002299 -0.010134 -0.100879 0.0816254 0.0244472
0.243204 -0.003121 -0.012555 -0.0909257 0.0862757 0.0167074
0.247112 -0.002299 0.010096 -0.114851 0.0578678 0.0167716
0.243204 -0.002299 0.010096 -0.128649 0.0776145 0.0249561
0.247112 -0.003121 0.012517 -0.114962 0.0727412 0.0136136
0.243204 -0.003121 0.012517 -0.126302 0.0764173 0.015413
0.247112 -0.001801 -0.007627 -0.0833173 0.0952619 0.0191628
0.243204 -0.001801 0.00759 -0.103303 0.0787948 0.0201107
0.247112 -0.001801 0.00759 -0.0857267 0.0837895 0.0193892
0.243204 -0.001302 0.005083 -0.126701 0.0785484 0.0252697
0.243204 -0.001302 -0.00512 -0.115773 0.0714206 0.0128269
0.247112 -0.001302 -0.00512 -0.121836 0.0724223 0.0117788
0.243204 -0.001801 -0.007627 -0.0957368 0.0733685 0.0167196
0.247112 -0.001302 0.005083 -0.112288 0.0881963 0.020786
0.247112 -0.000968 -1.9e-05 -0.123614 0.0500028 0.0170293
0.243204 -0.000968 -1.9e-05 -0.112278 0.079937 0.0170877
0.247112 -0.001135 0.002532 -0.105937 0.0752888 0.0194738
0.247112 -0.001135 -0.00257 -0.110462 0.0655894 0.0249246
0.243204 -0.001135 0.002532 -0.107593 0.0726214 0.0268142
0.243204 -0.001135 -0.00257 -0.12855 0.0818644 0.02865
-0.027458 -0.042256 0.031134 -0.104621 0.0672729 0.0159594
-0.000491 -0.042256 0.031134 -0.131812 0.077526 0.02808
0.182626 -0.010729 -0.025733 -0.0840453 0.07183 0.0138657
0.182626 -0.010729 0.025695 -0.140397 0.0768591 0.020211
0.182626 -0.00628 -0.026383 -0.109119 0.0741402 0.0172578
0.182626 -0.00628 0.026345 -0.115951 0.0653118 0.0107373
0.182626 -0.00486 -0.024258 -0.124952 0.0557937 0.0167243
0.182626 -0.00486 0.02422 -0.126198 0.0538905 0.0164834
0.182626 -0.000427 -0.023511 -0.130133 0.0498441 0.0125133
0.182626 -0.000427 0.023474 -0.102941 0.0452979 0.0139731
0.182626 0.000704 -0.021219 -0.109783 0.0804523 0.0180254
0.182626 0.000704 0.021181 -0.125787 0.0813849 0.0117757
0.182626 0.004694 -0.019147 -0.132216 0.0544676 0.0122229
0.182626 0.004694 0.01911 -0.121198 0.07937 0.0200769
0.182626 0.005515 -0.016726 -0.100927 0.0567883 0.0103216
0.182626 0.005515 0.016689 -0.123791 0.0419964 0.018012
0.182626 0.008678 -0.01353 -0.133713 0.0691911 0.00753738
0.182626 0.008678 0.013493 0.14705 0.00660187 0.0373815
0.182626 0.009176 -0.011023 -0.00920007 -0.0690596 0.0255473
0.182626 0.009176 0.010986 0.14016 0.0143942 0.0378027
0.182626 0.011204 -0.007011 0.062221 -0.0446626 0.0375882
0.182626 0.011204 0.006974 0.141151 0.0220937 0.0333994
0.182626 0.011371 -0.004461 0.102357 0.0309712 0.0221186
0.182626 0.011371 0.004423 0.11812 0.0260177 0.0318217
0.182626 0.01207 -1.9e-05 -0.0184023 0.0505059 0.0180536
-0.066957 -0.036003 0.242284 -0.0735969 0.0766279 0.0138089
-0.074795 -0.036003 0.242284 -0.115971 0.0150329 0.0138971
-0.070876 -0.036003 0.2428 0.0239194 -0.00467929 -0.0226742
-0.082633 -0.036003 0.242284 0.0466326 -0.03548 0.0361543
-0.078714 -0.036003 0.2428 0.0409435 -0.0210105 0.016662
-0.074795 -0.036003 0.243316 -0.0535203 -0.0836782 0.00864686
-0.071142 -0.036003 0.240772 -0.0611659 -0.0886615 0.0183145
-0.063305 -0.036003 0.240772 0.0225172 -0.0459213 0.0164462
-0.059652 -0.036003 0.239259 -0.0269017 -0.065999 0.0216065
-0.086286 -0.036003 0.240772 0.0614768 -0.047566 0.0404106
-0.074795 -0.036003 0.239259 0.108181 -0.00881791 0.0429176
-0.089938 -0.036003 0.239259 0.17599 0.0390556 0.0326984
-0.071659 -0.036003 0.236852 0.169037 0.0224344 0.0305354
-0.056516 -0.036003 0.236852 0.160701 0.0219602 0.0277372
-0.05338 -0.036003 0.234446 0.166132 0.0246662 0.0418761
-0.093074 -0.036003 0.236852 0.114636 0.0193994 0.0210222
-0.074795 -0.036003 0.234446 0.161437 0.0299284 0.0134104
-0.096209 -0.036003 0.234446 -0.146026 -0.034576 0.000408289
-0.072388 -0.036003 0.23131 -0.121679 0.0585953 0.0133088
-0.050973 -0.036003 0.23131 -0.142646 -0.0555864 0.00849266
-0.048567 -0.036003 0.228174 0.0786257 0.0315402 0.0211114
-0.085682 -0.036003 0.231449 0.130099 0.0316873 0.0268507
-0.061862 -0.036003 0.228313 0.130121 0.0360651 0.0230571
-0.075156 -0.036003 0.228452 -0.0712482 0.0910382 0.0219736
-0.073234 -0.036003 0.228199 -0.00663821 0.0434768 0.0199742
-0.05994 -0.036003 0.22806 -0.0677713 0.0899769 0.0294419
-0.071312 -0.036003 0.227946 -0.155199 -0.032878 -0.00310632
-0.08809 -0.036003 0.228313 -0.0997904 0.0819195 0.0226438
-0.101023 -0.036003 0.228174 -0.0920912 0.0807554 0.0138233
-0.098616 -0.036003 0.23131 0.00190472 -0.0339935 0.0132261
-0.058427 -0.036003 0.224408 0.123602 0.0324926 0.0271083
-0.047054 -0.036003 0.224522 0.0478891 0.00039007 -3.65304e-05
-0.045542 -0.036003 0.22087 0.00227264 -0.00888088 0.0127987
-0.075156 -0.036003 0.227946 -0.0127877 -0.0267294 -0.0236268
-0.079 -0.036003 0.227946 0.161786 0.0194892 0.0403881
-0.077078 -0.036003 0.228199 0.023958 -0.0525337 0.0463369
-0.090011 -0.036003 0.22806 -0.0110115 -0.0685551 0.0328339
-0.069521 -0.036003 0.227204 -0.0366281 -0.0579871 0.00939184
-0.056636 -0.036003 0.223666 -0.00610857 -0.0662244 0.0304069
-0.06773 -0.036003 0.226462 -0.0393556 -0.066656 0.00384347
-0.073365 -0.036003 0.227204 0.00245885 -0.0651553 0.0335601
-0.10185 -0.036003 0.226177 0.0075937 -0.0597071 0.0360647
-0.090839 -0.036003 0.226063 -0.0417053 -0.0764036 0.0189308
-0.102677 -0.036003 0.22418 0.0424924 -0.0444823 0.0379168
-0.066192 -0.036003 0.225282 0.0542509 -0.051485 0.0434964
-0.055098 -0.036003 0.222486 0.113314 -0.00637302 0.0357803
-0.064654 -0.036003 0.224102 0.0603732 -0.0356536 0.0403202
-0.080791 -0.036003 0.227204 0.0543717 -0.0421561 0.0433108
-0.075156 -0.036003 0.226462 0.124473 0.00356809 0.027316
-0.082582 -0.036003 0.226462 0.130845 0.0130056 0.0209186
-0.09263 -0.036003 0.225321 0.14467 0.0133278 0.0364714
-0.063474 -0.036003 0.222564 0.162613 0.0207024 0.0357268
-0.053918 -0.036003 0.220948 0.145265 0.0204327 0.00967126
-0.062294 -0.036003 0.221026 0.161786 0.02836 0.0232276
-0.085657 -0.036003 0.224102 0.126564 0.0190999 0.0178063
-0.076693 -0.036003 0.225282 0.167809 0.0289871 0.0268424
-0.075156 -0.036003 0.224102 -0.115146 -0.0186016 -0.00873669
-0.08412 -0.036003 0.225282 -0.12441 0.0594266 0.0136444
-0.094167 -0.036003 0.224141 -0.134538 0.0798932 0.00654551
-0.061552 -0.036003 0.219235 -0.133551 0.0528374 0.0161727
-0.053176 -0.036003 0.219157 -0.140325 -0.0546978 -0.00686076
-0.06081 -0.036003 0.217444 -0.151867 0.0500965 0.0117809
-0.073976 -0.036003 0.222564 0.133374 0.0234096 0.0173035
-0.103363 -0.036003 0.222525 0.11593 0.0333103 0.0193011
-0.094853 -0.036003 0.222486 0.100312 0.0288914 0.00931818
-0.104048 -0.036003 0.22087 0.0821873 0.0337145 0.0175939
-0.05266 -0.036003 0.215238 -0.0459473 0.0896679 0.0302561
-0.045026 -0.036003 0.21695 -0.0293305 0.0563783 0.0159808
-0.04451 -0.036003 0.213031 -0.0904582 0.0576048 0.0204076
-0.088018 -0.036003 0.221026 -0.161799 -0.0327957 -0.0120496
-0.075156 -0.036003 0.221026 -0.0817684 0.0697488 0.0259533
-0.074414 -0.036003 0.219235 -0.112417 0.0827366 0.0177405
-0.086837 -0.036003 0.222564 -0.103572 0.0477788 0.0078205
-0.096033 -0.036003 0.220948 0.111423 0.0479425 0.00758908
-0.060558 -0.036003 0.215522 0.0512716 -0.041935 0.0405883
-0.052407 -0.036003 0.213315 -0.00433698 -0.0550882 0.0241981
-0.060305 -0.036003 0.2136 0.116707 -0.00683312 0.0347209
-0.088424 -0.036003 0.220047 -0.019566 -0.0734384 0.0311538
-0.07482 -0.036003 0.218256 -0.0460743 -0.0652903 0.0212919
-0.088829 -0.036003 0.219068 -0.0115774 -0.063265 0.0242565
-0.096439 -0.036003 0.219969 0.00647286 -0.0585913 0.0265878
-0.060558 -0.036003 0.211678 0.00302665 -0.0529208 0.0134684
-0.05266 -0.036003 0.211394 -0.000272092 -0.0580912 0.0266631
-0.06081 -0.036003 0.209757 -0.00644447 -0.063779 0.029357
-0.089501 -0.036003 0.217444 0.0290493 -0.0437033 0.0177713
-0.075156 -0.036003 0.217444 -0.00792699 -0.05655 0.0233548
-0.074903 -0.036003 0.215522 -0.0416427 -0.068155 0.030809
-0.089165 -0.036003 0.218256 0.0236027 -0.0493117 0.0282693
-0.104564 -0.036003 0.21695 0.0152177 -0.0525848 0.036961
-0.096954 -0.036003 0.21605 0.0131041 -0.0362847 0.0252104
-0.10508 -0.036003 0.213031 0.0469076 -0.0419133 0.0361247
-0.053176 -0.036003 0.207475 0.0271068 -0.052851 0.0318339
-0.045026 -0.036003 0.209112 0.0453275 -0.0393283 0.0264489
-0.045542 -0.036003 0.205193 0.0335975 -0.0272204 0.0252734
-0.090007 -0.036003 0.2136 0.049199 -0.0400037 0.0370529
-0.075156 -0.036003 0.2136 0.0638217 -0.0368397 0.0423101
-0.075409 -0.036003 0.211678 0.120123 -0.00433989 0.0290903
-0.089754 -0.036003 0.215522 0.0686457 -0.0359 0.0343853
-0.097291 -0.036003 0.215238 0.0598807 -0.0326397 0.0318768
-0.061552 -0.036003 0.207966 0.168847 0.0352127 0.0138119
-0.053918 -0.036003 0.205683 0.143438 0.0222022 0.0206434
-0.062294 -0.036003 0.206174 -0.137262 -0.0251086 -0.00387088
-0.089754 -0.036003 0.211678 -0.137933 0.0607035 0.00543024
-0.075156 -0.036003 0.209757 -0.116984 0.0679776 0.0165577
-0.089501 -0.036003 0.209757 -0.142914 0.044511 0.0205309
-0.097544 -0.036003 0.213315 -0.130841 -0.0544494 0.0109845
-0.063474 -0.036003 0.204637 -0.145421 0.045406 0.016621
-0.055098 -0.036003 0.204146 0.142641 0.0349311 0.0321293
-0.064654 -0.036003 0.203099 0.142692 0.0272801 0.0210337
-0.075898 -0.036003 0.207966 0.127003 0.018503 0.0178007
-0.097291 -0.036003 0.211394 -0.119403 0.0312441 0.0124739
-0.056611 -0.036003 0.200494 0.114554 0.0100187 0.0237252
-0.047054 -0.036003 0.201541 -0.0763507 0.0723101 0.0289868
-0.048567 -0.036003 0.197889 -0.0171098 0.0435204 0.0166306
-0.088018 -0.036003 0.206174 -0.0544905 0.0883422 0.0383836
-0.075156 -0.036003 0.206174 -0.128758 -0.0290495 7.21127e-05
-0.076336 -0.036003 0.204637 -0.128292 0.0687598 0.0354179
-0.088759 -0.036003 0.207966 -0.0721205 0.0612632 0.0117953
-0.104564 -0.036003 0.209112 0.0338308 -0.0491006 0.0414861
-0.096774 -0.036003 0.207475 -0.0184795 -0.0560743 0.021181
-0.104048 -0.036003 0.205193 0.0376905 -0.0427798 0.0387365
-0.066192 -0.036003 0.201919 0.0536652 -0.0444244 0.0450447
-0.058148 -0.036003 0.199314 0.114023 -0.00527466 0.0369156
-0.06773 -0.036003 0.200739 0.0187281 -0.0470686 0.0414526
-0.086837 -0.036003 0.204637 -0.0875848 -0.073047 0.0113298
-0.075156 -0.036003 0.203099 -0.0132386 -0.072462 0.0331278
-0.085657 -0.036003 0.203099 -0.00266181 -0.0596083 0.026863
-0.096033 -0.036003 0.205683 -0.00647 -0.0664494 0.0205963
-0.069521 -0.036003 0.199997 -0.00897277 -0.0736818 0.0264778
-0.05994 -0.036003 0.198572 0.0242576 -0.0550193 0.0338324
-0.071312 -0.036003 0.199255 0.00367879 -0.0555166 0.0235114
-0.076693 -0.036003 0.201919 0.0082104 -0.0597352 0.0253932
-0.094853 -0.036003 0.204146 0.00336818 -0.0599993 0.0210794
-0.073234 -0.036003 0.199002 0.00632201 -0.0587794 0.0205208
-0.061862 -0.036003 0.198319 -9.45937e-06 -0.0608087 0.0190953
-0.075156 -0.036003 0.198749 0.0181312 -0.0563625 0.0285844
-0.082582 -0.036003 0.200739 0.0315357 -0.0478765 0.0306207
-0.075156 -0.036003 0.200739 0.0349762 -0.044299 0.0184114
-0.076947 -0.036003 0.199997 0.0183326 -0.042741 0.0312513
-0.08412 -0.036003 0.201919 0.0248758 -0.051857 0.0357663
-0.102536 -0.036003 0.201541 0.0336496 -0.0424626 0.0374232
-0.09334 -0.036003 0.200494 0.0271698 -0.0520487 0.0382451
-0.101023 -0.036003 0.197889 0.0461546 -0.0401751 0.0349484
-0.08809 -0.036003 0.198319 0.0288846 -0.0369318 0.0319296
-0.074795 -0.036003 0.197889 0.0523878 -0.0395754 0.0408313
-0.079 -0.036003 0.199255 0.0388311 -0.0447538 0.0353231
-0.075156 -0.036003 0.199255 0.0600161 -0.033797 0.0226816
-0.077078 -0.036003 0.199002 0.0413209 -0.03882 0.0372047
-0.080791 -0.036003 0.199997 0.0948759 -0.00721651 0.0382444
-0.091803 -0.036003 0.199314 0.0778559 -0.0281145 0.0412622
-0.090011 -0.036003 0.198572 0.0783421 -0.0317436 0.0401215
-0.077202 -0.036003 0.194753 -0.129534 0.0493923 0.0143256
-0.050973 -0.036003 0.194753 -0.11422 0.0613266 0.0103586
-0.05338 -0.036003 0.191617 -0.128415 -0.0393773 0.00663124
-0.098616 -0.036003 0.194753 -0.0934233 0.0414686 0.00895567
-0.074795 -0.036003 0.191617 -0.0239347 0.025164 0.0188893
-0.096209 -0.036003 0.191617 -0.0942903 -0.0251814 -0.00606384
-0.093074 -0.036003 0.189211 -0.0711547 0.0550535 0.0230066
-0.071659 -0.036003 0.189211 -0.0886454 0.0535547 0.0207472
-0.089938 -0.036003 0.186804 -0.00162656 0.0372478 0.017358
-0.074795 -0.036003 0.186804 -0.0899557 0.0612557 0.0324457
-0.056516 -0.036003 0.189211 0.0181683 -0.0546261 0.0283105
-0.059652 -0.036003 0.186804 -0.0281166 -0.0641237 0.017506
-0.086286 -0.036003 0.185291 0.0248508 -0.0571944 0.0374336
-0.071142 -0.036003 0.185291 0.0403891 -0.0500002 0.0362364
-0.082633 -0.036003 0.183778 0.0223876 -0.0500897 0.0350606
-0.074795 -0.036003 0.183778 0.0512215 -0.0449519 0.0377147
-0.063305 -0.036003 0.185291 0.0456417 -0.0437628 0.0419681
-0.066957 -0.036003 0.183778 0.0746315 -0.0179811 0.0425701
-0.078714 -0.036003 0.183262 0.0325626 -0.0480516 0.0446873
-0.070876 -0.036003 0.183262 0.0434 -0.0430704 0.0314004
-0.074795 -0.036003 0.182747 0.0563109 -0.0406788 0.0369122
-0.013598 -0.042256 -0.367933 0.028246 -0.0489763 0.0473669
-0.068313 -0.042256 -0.199758 -0.0349897 -0.0603116 0.00873908
-0.068313 -0.042256 -0.359726 -0.016684 -0.0650158 0.0187628
0.054225 -0.042256 -0.199347 -0.00785368 -0.0696186 0.0332781
-0.129283 -0.042256 0.351518 0.00771705 -0.0596324 0.0332781
-0.126156 -0.039129 0.351518 -0.00563216 -0.0622069 0.0309443
-0.126156 -0.042256 0.351518 0.00239549 -0.0676007 0.0305406
-0.11979 -0.036003 0.284761 0.0330679 -0.0496943 0.0274495
-0.116551 -0.036003 0.218004 0.0163495 -0.0492933 0.0267311
-0.11979 -0.036003 0.124363 0.0134684 -0.0580675 0.0338149
0.120563 -0.036003 -0.03445 0.0221016 -0.0557015 0.0331375
0.052741 -0.039129 -0.203036 0.0355057 -0.0488845 0.0359897
0.054225 -0.039129 -0.199347 0.0277057 -0.0615748 0.0357784
-0.109555 -0.036003 -0.100162 0.0560085 -0.0368602 0.0319305
0.011499 -0.036003 -0.103852 0.0189575 -0.0547244 0.0332707
-0.096081 -0.036003 -0.169564 0.0481486 -0.0481376 0.0391517
-0.120498 -0.036003 -0.119117 0.0431243 -0.0510182 0.0389621
-0.117967 -0.036003 -0.207473 0.0260975 -0.0495209 0.0310483
-0.120498 -0.036003 -0.279496 0.021656 -0.0390895 0.0305606
-0.129283 -0.036003 -0.351518 0.0423529 -0.0415692 0.0340106
-0.126156 -0.039129 -0.351518 0.0369605 -0.0536569 0.0426708
-0.126156 -0.036003 -0.351518 0.0400193 -0.0412146 0.033569
-0.071441 -0.042256 -0.367933 0.0594853 -0.0388022 0.0347374
-0.126156 -0.042256 -0.359726 0.0500952 -0.0453193 0.0348425
-0.129283 -0.042256 -0.367933 0.0526785 -0.0448688 0.0452998
-0.100647 -0.036003 0.100041 0.0773135 -0.0338314 0.0372405
-0.078265 -0.036003 0.16936 0.0630203 -0.0353484 0.0423081
0.020407 -0.036003 0.103731 0.0518246 -0.0447759 0.0449819
-0.126156 -0.036003 0.351518 0.0686765 -0.0359296 0.040467
-0.129283 -0.039129 0.351518 0.0541688 -0.039971 0.0460813
-0.129283 -0.036003 0.351518 0.0607037 -0.0333378 0.0310397
-0.115141 -0.036003 0.223541 0.0861314 -0.0116169 0.0332699
-0.11838 -0.036003 0.290297 0.0805327 -0.0339458 0.0382034
-0.11373 -0.036003 0.229077 0.0889219 -0.0326298 0.0439994
-0.11972 -0.036003 0.11865 -0.119126 0.0560919 0.0201673
-0.116481 -0.036003 0.212291 -0.102517 -0.0407435 -0.0110563
-0.11641 -0.036003 0.206578 -0.143981 0.0397129 0.0164507
0.054225 -0.039129 0.199327 -0.100351 0.0766237 0.0386149
-0.013598 -0.042256 0.367933 -0.106473 -0.0329165 0.00298269
0.054225 -0.042256 0.199327 -0.118118 0.0621979 0.0281669
0.052741 -0.039129 0.203018 -0.0185133 0.0378483 0.0178271
0.120563 -0.036003 0.034412 -0.0716936 0.0501446 0.0258628
-0.068313 -0.039129 -0.359726 -0.0818293 0.0684325 0.0329581
-0.001975 -0.036003 -0.194828 -0.0774594 0.0613534 0.0318215
-0.090803 -0.036003 -0.167378 -0.0150603 0.0386267 0.0267127
0.016778 -0.036003 -0.101665 -0.0954474 0.0578421 0.0251407
-0.085524 -0.036003 -0.165191 0.00841759 -0.0656865 0.0369479
-0.114088 -0.036003 -0.103641 -0.0239541 -0.0609657 0.0295394
-0.100614 -0.036003 -0.173042 0.0392974 -0.0468925 0.0387166
-0.105147 -0.036003 -0.176521 0.0181101 -0.0558252 0.0370284
-0.119752 -0.036003 -0.113452 0.0227244 -0.052858 0.0301172
-0.116475 -0.036003 -0.196144 0.0382331 -0.0486383 0.0317326
-0.117221 -0.036003 -0.201809 0.0420688 -0.0434128 0.0367903
-0.119752 -0.036003 -0.28516 0.0461081 -0.0468056 0.0406027
-0.117221 -0.036003 -0.213137 0.0626178 -0.04072 0.0440611
-0.116475 -0.036003 -0.218802 0.0567818 -0.0421579 0.034285
-0.126156 -0.042256 -0.351518 0.0673002 -0.0353766 0.0417401
-0.129283 -0.039129 -0.351518 0.10795 -0.00740113 0.0367798
-0.129283 -0.042256 -0.351518 0.0702296 -0.0361004 0.0338461
-0.071441 -0.039129 -0.359726 0.0489888 -0.0413463 0.0395422
-0.129283 -0.042256 -0.359726 0.0782052 -0.0339185 0.0448857
-0.129283 -0.036003 -0.367933 0.0454712 -0.0432354 0.0313465
-0.071441 -0.039129 -0.367933 0.0633998 -0.0393332 0.0377659
-0.129283 -0.039129 -0.367933 0.0585195 -0.0391869 0.0287116
-0.106184 -0.036003 0.101452 0.0551768 -0.0428972 0.0468987
-0.089338 -0.036003 0.172181 -0.0364965 -0.0599438 0.0250688
-0.083802 -0.036003 0.17077 -0.000957639 -0.0619909 0.0305867
-0.073086 -0.036003 0.169424 0.00526999 -0.0623729 0.0259189
0.022997 -0.036003 0.103763 0.00982136 -0.0600581 0.0236183
-0.075676 -0.036003 0.169392 -0.0166303 -0.0676623 0.0350587
-0.129283 -0.039129 0.359726 0.000600232 -0.0637613 0.0266008
-0.129283 -0.036003 0.367933 -0.00231381 -0.0697631 0.027324
-0.129283 -0.036003 0.359726 0.0109789 -0.057313 0.0258287
-0.126156 -0.036003 0.359726 0.0351467 -0.0491848 0.0289642
-0.110934 -0.036003 0.23406 0.00213391 -0.068706 0.0354799
-0.115584 -0.036003 0.295281 0.0269328 -0.056135 0.0362071
-0.108139 -0.036003 0.239043 0.0184375 -0.0527131 0.0218726
-0.118173 -0.036003 0.11315 0.0423698 -0.0407188 0.0260243
-0.114864 -0.036003 0.201078 0.00560317 -0.0632509 0.0335163
-0.113317 -0.036003 0.195577 0.0233377 -0.0536072 0.0313311
-0.005102 -0.036003 0.203018 0.0222575 -0.0501509 0.035869
-0.071441 -0.039129 0.367933 0.0156102 -0.0490248 0.0296124
-0.036286 -0.036003 -0.229359 0.0223214 -0.0577698 0.0317892
0.041397 -0.036003 -0.133749 0.0363177 -0.0492741 0.0317462
-0.079657 -0.036003 -0.290438 0.0260984 -0.0501742 0.0375636
-0.079859 -0.036003 -0.164446 0.0439377 -0.038028 0.0258806
0.022443 -0.036003 -0.10092 0.0356616 -0.0491853 0.038449
-0.074194 -0.036003 -0.1637 0.0265512 -0.0536981 0.039929
-0.074194 -0.036003 -0.165191 0.0543389 -0.0447866 0.0421924
-0.062865 -0.036003 -0.165191 0.0363155 -0.0518929 0.0415132
-0.079473 -0.036003 -0.167378 0.0478074 -0.0446226 0.0286391
-0.073943 -0.036003 -0.176248 0.0526185 -0.0313068 0.023713
-0.089545 -0.036003 -0.176385 0.0487455 -0.0421025 0.0273008
-0.085012 -0.036003 -0.172906 0.038849 -0.0527244 0.0398729
-0.117566 -0.036003 -0.108173 0.0429977 -0.0446783 0.0451458
-0.108625 -0.036003 -0.181054 0.0373843 -0.0468454 0.0386212
-0.112103 -0.036003 -0.185586 0.0567792 -0.0450633 0.0390182
-0.114289 -0.036003 -0.190865 0.0476505 -0.0463269 0.0387626
-0.109932 -0.036003 -0.197493 0.0376299 -0.0478041 0.0389521
-0.103389 -0.036003 -0.198842 0.027715 -0.0482341 0.0385994
-0.110678 -0.036003 -0.203157 0.0700052 -0.0318048 0.0436807
-0.110678 -0.036003 -0.211048 0.0466813 -0.0366008 0.0373448
-0.103389 -0.036003 -0.214623 0.058938 -0.029339 0.0247084
-0.109932 -0.036003 -0.216713 0.0586015 -0.0402186 0.0463184
-0.117566 -0.036003 -0.290438 0.0679265 -0.0362387 0.0451958
-0.114289 -0.036003 -0.224081 0.106539 -0.00607086 0.0294204
-0.112103 -0.036003 -0.229359 0.029707 -0.0423901 0.0356722
-0.129283 -0.039129 -0.359726 0.0841294 -0.0223725 0.0359382
-0.129283 -0.036003 -0.359726 -0.133571 0.0436219 0.0169481
-0.111166 -0.036003 0.104247 -0.116974 -0.0421513 -0.00536829
-0.099303 -0.036003 0.177772 -0.136389 0.0558937 0.0185176
-0.094321 -0.036003 0.174977 -0.0888557 0.0541618 0.0233997
-0.066839 -0.036003 0.1695 -0.080248 -0.049217 -0.000649052
0.02612 -0.036003 0.103801 -0.116743 0.0708193 0.0294716
-0.069962 -0.036003 0.169462 -0.00630427 0.0292635 0.014164
-0.129283 -0.039129 0.367933 -0.118562 0.0567904 0.0301863
-0.129283 -0.042256 0.359726 -0.0814927 0.0703039 0.0165894
-0.129283 -0.042256 0.367933 -0.09945 0.0590574 0.0276564
-0.001975 -0.036003 0.19481 -0.0250051 0.0259773 0.0121706
-0.071441 -0.042256 0.367933 -0.0668767 0.0669477 0.0382265
-0.104149 -0.036003 0.243132 -0.0445539 -0.0609092 0.0103736
-0.111594 -0.036003 0.29937 0.0225089 -0.0607297 0.0388981
-0.100159 -0.036003 0.247221 0.00252798 -0.0628604 0.0378549
-0.115256 -0.036003 0.108238 0.0106307 -0.059586 0.027218
-0.1104 -0.036003 0.190665 0.0156505 -0.0594513 0.0448828
-0.107482 -0.036003 0.185753 0.0279562 -0.053465 0.0346442
-0.031913 -0.036003 -0.218802 0.00505829 -0.052936 0.0427097
0.043583 -0.036003 -0.12847 0.032152 -0.0526802 0.0428351
-0.034099 -0.036003 -0.224081 0.0235813 -0.0473508 0.0383133
-0.039764 -0.036003 -0.233892 0.045033 -0.0488781 0.0414713
-0.083136 -0.036003 -0.294972 0.0806135 -0.0384431 0.04517
-0.043242 -0.036003 -0.238425 0.034901 -0.047881 0.0408756
0.028107 -0.036003 -0.101665 0.0287693 -0.0486927 0.0391257
-0.068529 -0.036003 -0.164446 0.0504708 -0.0458678 0.0411092
-0.074194 -0.036003 -0.169564 0.116217 -0.000894175 0.036286
-0.057586 -0.036003 -0.167378 0.0516225 -0.043077 0.0381249
-0.052308 -0.036003 -0.169564 0.0369563 -0.0405576 0.0356714
-0.09349 -0.036003 -0.176904 0.06881 -0.0322464 0.0216916
-0.077888 -0.036003 -0.176767 0.05078 -0.0398806 0.0394611
-0.081833 -0.036003 -0.177287 0.0236321 -0.0493279 0.0472277
-0.069662 -0.036003 -0.173042 0.0528642 -0.0414653 0.025202
-0.043242 -0.036003 -0.176521 0.0581145 -0.0392316 0.0312893
-0.058592 -0.036003 -0.176385 0.0199547 -0.0538078 0.0341623
-0.096968 -0.036003 -0.181437 0.0664814 -0.0337918 0.0426867
-0.106223 -0.036003 -0.188538 -0.00264607 -0.0627847 0.0228681
-0.100343 -0.036003 -0.19149 0.0174821 -0.0586579 0.0339846
-0.108409 -0.036003 -0.193817 0.0196872 -0.0525176 0.0309387
-0.101866 -0.036003 -0.195166 -0.00396528 -0.0700252 0.0326338
-0.111197 -0.036003 -0.207102 0.0179578 -0.063565 0.0462815
-0.103908 -0.036003 -0.202787 0.0156108 -0.0601798 0.0358639
-0.104427 -0.036003 -0.206732 0.0183268 -0.056112 0.0358964
-0.103908 -0.036003 -0.210678 0.0236333 -0.0584129 0.0400239
-0.108409 -0.036003 -0.220388 0.0283155 -0.0529466 0.0286486
-0.101866 -0.036003 -0.218299 0.021137 -0.0563007 0.0370676
-0.100343 -0.036003 -0.221975 0.0252518 -0.0604236 0.0371985
-0.106223 -0.036003 -0.225667 0.0392184 -0.0489037 0.0381486
-0.114088 -0.036003 -0.294972 0.0223639 -0.0500607 0.0345435
-0.108625 -0.036003 -0.233892 0.0325888 -0.0551791 0.0346189
-0.105147 -0.036003 -0.238425 0.0202255 -0.0528259 0.0273277
-0.103393 -0.036003 0.181762 0.0231936 -0.0543414 0.0404303
-0.055838 -0.036003 0.172594 0.0155817 -0.0548774 0.040666
0.031621 -0.036003 0.105348 0.016804 -0.0590924 0.035034
-0.061338 -0.036003 0.171047 0.0238079 -0.0552499 0.0389856
-0.08086 -0.036003 0.295708 0.0451057 -0.0491439 0.0318854
0.040195 -0.036003 0.139 0.0277122 -0.0461944 0.0324158
-0.03869 -0.036003 0.239898 0.0393414 -0.0493926 0.0332469
-0.095246 -0.036003 0.250139 0.0226545 -0.0531761 0.0321882
-0.106682 -0.036003 0.302287 0.0163885 -0.0523186 0.0244762
-0.090334 -0.036003 0.253057 0.0194642 -0.0556259 0.0394517
-0.030421 -0.036003 -0.207473 0.0376431 -0.0507945 0.0393006
0.044329 -0.036003 -0.122806 0.0359701 -0.0483137 0.0404462
-0.031167 -0.036003 -0.213137 0.0509702 -0.0466127 0.0392678
-0.047543 -0.036003 -0.221975 0.0540975 -0.0484257 0.0374548
-0.039728 -0.036003 -0.220388 0.0442622 -0.0431055 0.0343704
-0.041915 -0.036003 -0.225667 0.0500862 -0.0447958 0.0380196
-0.047775 -0.036003 -0.241903 0.0472386 -0.0418801 0.0224561
-0.087668 -0.036003 -0.298449 0.0539308 -0.0423735 0.0305993
-0.052308 -0.036003 -0.245381 0.0329905 -0.0423475 0.034895
-0.058701 -0.036003 -0.233133 0.059486 -0.0429164 0.0397689
-0.047494 -0.036003 -0.231246 0.0590559 -0.0317408 0.0275752
-0.050972 -0.036003 -0.235779 0.0660416 -0.0362585 0.0285144
0.033385 -0.036003 -0.103852 0.0567978 -0.0425584 0.0287923
-0.047775 -0.036003 -0.173042 0.0571925 -0.0361041 0.0448733
-0.066053 -0.036003 -0.177287 -0.100956 0.067238 0.0233162
-0.073943 -0.036003 -0.177287 -0.0982686 -0.0392892 0.00231682
-0.069998 -0.036003 -0.176767 -0.119662 0.0437749 0.019499
-0.054648 -0.036003 -0.176904 -0.119732 0.0684733 0.0227484
-0.100644 -0.036003 -0.182959 -0.0710287 -0.0146615 -0.00861015
-0.085509 -0.036003 -0.17881 -0.111471 0.0721707 0.0199133
-0.089185 -0.036003 -0.180332 -0.0978434 0.0654473 0.0250475
-0.103801 -0.036003 -0.185382 0.0181512 -0.0603098 0.0302364
-0.095499 -0.036003 -0.185177 0.00483936 -0.0653238 0.0439521
-0.097921 -0.036003 -0.188333 0.028855 -0.0553562 0.0376105
-0.091287 -0.036003 -0.192255 0.0266714 -0.0582231 0.0461422
-0.082231 -0.036003 -0.19302 0.0139007 -0.0586591 0.0335147
-0.09281 -0.036003 -0.195931 0.045838 -0.0494917 0.0422612
-0.096452 -0.036003 -0.200678 0.0242689 -0.059265 0.0507692
-0.089515 -0.036003 -0.202513 0.0453347 -0.0432719 0.0338228
-0.096971 -0.036003 -0.204622 0.0522795 -0.0460305 0.0410829
-0.096971 -0.036003 -0.208668 0.0329687 -0.0509394 0.0424284
-0.089515 -0.036003 -0.210605 0.0226945 -0.0496176 0.0320541
-0.096452 -0.036003 -0.212614 0.0346126 -0.0492708 0.0349389
-0.094429 -0.036003 -0.216118 0.039188 -0.0452158 0.0420591
-0.085469 -0.036003 -0.217613 -0.00230045 -0.067653 0.0345742
-0.092906 -0.036003 -0.219794 -0.00593243 -0.0729183 0.0335506
-0.103801 -0.036003 -0.228824 0.0117973 -0.050148 0.0170365
-0.097921 -0.036003 -0.225131 0.0175603 -0.0620022 0.0333581
-0.095499 -0.036003 -0.228288 0.0261716 -0.0564073 0.0293955
-0.100644 -0.036003 -0.231246 0.0226439 -0.0566446 0.0322197
-0.089185 -0.036003 -0.233133 0.0068174 -0.0643086 0.0395441
-0.097166 -0.036003 -0.235779 0.00583232 -0.0645317 0.0297898
-0.109555 -0.036003 -0.298449 0.0193556 -0.0497643 0.0219292
-0.100614 -0.036003 -0.241903 0.016189 -0.0531555 0.0272122
-0.096081 -0.036003 -0.245381 0.0299253 -0.0566636 0.0336991
-0.046013 -0.036003 0.178429 0.0175914 -0.0593092 0.0353015
0.036533 -0.036003 0.108266 0.00187555 -0.0554164 0.0371502
-0.050925 -0.036003 0.175511 0.023171 -0.0633385 0.0332638
-0.035772 -0.036003 0.234986 0.0336453 -0.0524983 0.0325893
0.043112 -0.036003 0.134088 0.0213405 -0.0529082 0.0404625
-0.032855 -0.036003 0.230073 0.0200589 -0.0529393 0.036493
-0.084948 -0.036003 0.299698 0.0303318 -0.0468876 0.0248816
-0.042779 -0.036003 0.243888 0.0326878 -0.0547007 0.043302
-0.046868 -0.036003 0.247878 0.0481561 -0.0384055 0.0419913
-0.084834 -0.036003 0.254603 0.0240964 -0.0481349 0.0344089
-0.101181 -0.036003 0.303834 0.0408429 -0.0467308 0.0436867
-0.079333 -0.036003 0.25615 -0.121373 0.0742508 0.0103086
-0.031913 -0.036003 -0.196144 -0.00313774 -0.0637386 0.0323385
0.043583 -0.036003 -0.117142 0.0235239 -0.0647486 0.0479588
-0.031167 -0.036003 -0.201809 0.0279488 -0.057894 0.0435556
-0.044497 -0.036003 -0.214623 0.0265922 -0.0575669 0.0470775
-0.037459 -0.036003 -0.211048 0.0213327 -0.0495877 0.0279265
-0.038205 -0.036003 -0.216713 0.000774465 -0.062518 0.0401684
-0.04602 -0.036003 -0.218299 0.0218327 -0.0573124 0.045023
-0.049965 -0.036003 -0.225131 -0.00549204 -0.0569587 0.0326677
-0.044337 -0.036003 -0.228824 0.113815 0.00946905 0.0258626
-0.052387 -0.036003 -0.228288 0.158148 0.0196305 0.0264397
-0.057586 -0.036003 -0.247568 0.0594993 0.0177476 -0.0159333
-0.092947 -0.036003 -0.300636 0.0471007 0.0113473 -0.0202251
-0.062865 -0.036003 -0.249754 0.106738 0.0374102 -0.0114772
-0.074194 -0.036003 -0.238425 0.0191226 0.00904438 -0.0238393
-0.078728 -0.036003 -0.241903 0.0529349 0.0350643 -0.0204267
-0.055544 -0.036003 -0.23071 0.0483943 0.0139298 -0.0268536
-0.062377 -0.036003 -0.234656 0.0550777 0.0210571 -0.0193548
-0.054648 -0.036003 -0.237302 0.0768279 0.0308807 -0.00833641
-0.066053 -0.036003 -0.236178 0.0348494 0.010537 -0.0241844
0.037919 -0.036003 -0.10733 0.0399866 0.016924 -0.027641
-0.070267 -0.036003 -0.17881 0.0271337 -0.00100741 -0.0189353
-0.062377 -0.036003 -0.17881 -0.00514296 0.0140655 -0.0223259
-0.058701 -0.036003 -0.180332 0.0327352 -0.0034527 -0.0182861
-0.05117 -0.036003 -0.181437 -0.0813188 -0.0414972 -0.0254894
-0.039764 -0.036003 -0.181054 -0.0154091 -0.00414246 -0.0354526
-0.036286 -0.036003 -0.185586 0.0169447 -0.00113015 -0.0221567
-0.073943 -0.036003 -0.180332 0.0377149 -0.0120568 -0.0123068
-0.092342 -0.036003 -0.182754 0.0326817 0.013463 -0.0235135
-0.074415 -0.036003 -0.190925 0.0538085 0.0355611 -0.0147337
-0.087379 -0.036003 -0.191208 -0.000526139 -0.00523551 -0.00900057
-0.084957 -0.036003 -0.188051 0.0833653 0.0324458 -0.018528
-0.089402 -0.036003 -0.191474 0.00591978 0.000631555 -0.0350445
-0.078461 -0.036003 -0.191458 0.0735988 0.0229456 0.00573165
-0.080346 -0.036003 -0.192239 0.0339772 -0.0052057 -0.0108771
-0.094429 -0.036003 -0.197173 0.0587282 0.0385128 -0.0139692
-0.08385 -0.036003 -0.194262 0.0408643 0.0109099 -0.0105876
-0.085469 -0.036003 -0.195504 0.0124313 -0.00886827 -0.0156812
-0.095671 -0.036003 -0.198792 0.0451076 0.00951716 -0.00307205
-0.087954 -0.036003 -0.198742 0.023609 0.00695906 -0.0149491
-0.088734 -0.036003 -0.200628 -0.00248062 -0.00277361 -0.0323083
-0.097238 -0.036003 -0.206645 0.00638971 0.00905366 -0.0252828
-0.089782 -0.036003 -0.204536 0.0586389 0.00675973 -0.00172667
-0.090048 -0.036003 -0.206559 0.09907 0.030588 -0.00059898
-0.089782 -0.036003 -0.208582 0.0509865 0.0236891 -0.0184545
-0.095671 -0.036003 -0.214499 0.0205335 0.0161434 -0.0213331
-0.088734 -0.036003 -0.21249 0.0526165 0.0127389 -0.0161347
-0.087954 -0.036003 -0.214375 0.00314403 0.00615358 -0.033886
-0.086711 -0.036003 -0.215994 0.0559272 0.0219747 -0.0245186
-0.091287 -0.036003 -0.221036 0.0785427 0.0286602 -0.0138314
-0.08385 -0.036003 -0.218855 0.102222 0.0476354 -0.0202901
-0.082231 -0.036003 -0.220097 0.0125274 0.00628595 -0.0260644
-0.087379 -0.036003 -0.222083 0.107618 0.0343532 -0.00280872
-0.074415 -0.036003 -0.222192 0.0086679 0.0138407 -0.0409021
-0.084957 -0.036003 -0.22524 0.0220714 0.0189649 -0.0309236
-0.092342 -0.036003 -0.23071 0.0162444 0.0158901 -0.0242309
-0.09349 -0.036003 -0.237302 0.0192218 -0.00794491 -0.024547
-0.085509 -0.036003 -0.234656 0.0104817 -0.00145724 -0.0263194
-0.081833 -0.036003 -0.236178 0.0343907 0.00565493 -0.0145379
-0.074194 -0.036003 -0.245381 -0.0420968 -0.0117814 -0.0402962
-0.104276 -0.036003 -0.300636 -0.0688144 -0.0286813 -0.0358089
-0.090803 -0.036003 -0.247568 -0.06514 -0.0251216 -0.0384235
-0.085524 -0.036003 -0.249754 0.0702201 0.0272337 -0.0194527
-0.038033 -0.036003 0.186608 0.0495114 0.0120914 -0.0143163
0.040523 -0.036003 0.112355 0.0985637 0.0426882 -0.0048949
-0.042023 -0.036003 0.182519 -0.00276639 0.00130944 -0.0320175
-0.031308 -0.036003 0.224573 -0.0115197 -0.0175846 -0.0219174
0.044659 -0.036003 0.128587 0.0606334 0.0200855 -0.0111155
-0.029761 -0.036003 0.219073 -0.00973605 -0.00428615 -0.0205178
-0.089931 -0.036003 0.302493 0.108694 0.0442328 -0.00876066
-0.051851 -0.036003 0.250673 0.0435787 0.0165986 -0.0237396
-0.056834 -0.036003 0.253469 0.0445957 0.0194858 -0.0148572
-0.07362 -0.036003 0.25622 0.0233782 0.00517999 -0.0190287
-0.095468 -0.036003 0.303905 0.0393543 0.0134473 -0.0150266
-0.067907 -0.036003 0.256291 0.015677 0.00806994 -0.0162294
0.041397 -0.036003 -0.111863 -0.0130957 0.00882718 -0.0409102
-0.034099 -0.036003 -0.190865 -0.0537565 -0.0566365 -0.0161856
-0.044497 -0.036003 -0.198842 0.0238892 0.00863236 -0.031445
-0.038205 -0.036003 -0.197493 -0.106339 -0.0514755 -0.0369473
-0.037459 -0.036003 -0.203157 0.034333 0.00743001 -0.027197
-0.043458 -0.036003 -0.206732 0.034333 0.00743001 -0.027197
-0.03694 -0.036003 -0.207102 0.034333 0.00743001 -0.027197
-0.043978 -0.036003 -0.210678 0.034333 0.00743001 -0.027197
-0.063361 -0.036003 -0.217613 0.034333 0.00743001 -0.027197
-0.053929 -0.036003 -0.216118 0.034333 0.00743001 -0.027197
-0.055452 -0.036003 -0.219794 0.034333 0.00743001 -0.027197
-0.060979 -0.036003 -0.222083 0.034333 0.00743001 -0.027197
-0.063401 -0.036003 -0.22524 0.034333 0.00743001 -0.027197
-0.068529 -0.036003 -0.250499 0.034333 0.00743001 -0.027197
-0.098611 -0.036003 -0.301381 0.034333 0.00743001 -0.027197
-0.074194 -0.036003 -0.251245 0.034333 0.00743001 -0.027197
-0.079473 -0.036003 -0.247568 0.034333 0.00743001 -0.027197
-0.089545 -0.036003 -0.237821 0.034333 0.00743001 -0.027197
-0.073943 -0.036003 -0.237217 0.034333 0.00743001 -0.027197
-0.058592 -0.036003 -0.237821 0.034333 0.00743001 -0.027197
-0.070786 -0.036003 -0.23071 0.034333 0.00743001 -0.027197
-0.073943 -0.036003 -0.233133 0.034333 0.00743001 -0.027197
-0.069998 -0.036003 -0.236698 0.034333 0.00743001 -0.027197
-0.077619 -0.036003 -0.234656 0.034333 0.00743001 -0.027197
-0.047494 -0.036003 -0.182959 0.034333 0.00743001 -0.027197
-0.0771 -0.036003 -0.182754 0.034333 0.00743001 -0.027197
-0.076438 -0.036003 -0.191192 0.034333 0.00743001 -0.027197
-0.071521 -0.036003 -0.188333 0.034333 0.00743001 -0.027197
-0.047543 -0.036003 -0.19149 0.034333 0.00743001 -0.027197
-0.060979 -0.036003 -0.191208 0.034333 0.00743001 -0.027197
-0.07253 -0.036003 -0.192239 0.034333 0.00743001 -0.027197
-0.066599 -0.036003 -0.19302 0.034333 0.00743001 -0.027197
-0.074415 -0.036003 -0.19302 0.034333 0.00743001 -0.027197
-0.072796 -0.036003 -0.194262 0.034333 0.00743001 -0.027197
-0.063361 -0.036003 -0.195504 0.034333 0.00743001 -0.027197
-0.074415 -0.036003 -0.195504 0.034333 0.00743001 -0.027197
-0.086711 -0.036003 -0.197123 0.034333 0.00743001 -0.027197
-0.073635 -0.036003 -0.200628 0.034333 0.00743001 -0.027197
-0.059315 -0.036003 -0.202513 0.034333 0.00743001 -0.027197
-0.074415 -0.036003 -0.202513 0.034333 0.00743001 -0.027197
-0.074149 -0.036003 -0.204536 0.034333 0.00743001 -0.027197
-0.058782 -0.036003 -0.206559 0.034333 0.00743001 -0.027197
-0.074415 -0.036003 -0.206559 0.034333 0.00743001 -0.027197
-0.074681 -0.036003 -0.208582 0.034333 0.00743001 -0.027197
-0.059315 -0.036003 -0.210605 0.034333 0.00743001 -0.027197
-0.074415 -0.036003 -0.210605 0.034333 0.00743001 -0.027197
-0.075195 -0.036003 -0.21249 0.034333 0.00743001 -0.027197
-0.060876 -0.036003 -0.214375 0.034333 0.00743001 -0.027197
-0.074415 -0.036003 -0.214375 0.034333 0.00743001 -0.027197
-0.075658 -0.036003 -0.215994 0.034333 0.00743001 -0.027197
-0.074415 -0.036003 -0.217613 0.034333 0.00743001 -0.027197
-0.076034 -0.036003 -0.218855 0.034333 0.00743001 -0.027197
-0.066599 -0.036003 -0.220097 0.034333 0.00743001 -0.027197
-0.074415 -0.036003 -0.220097 0.034333 0.00743001 -0.027197
-0.089402 -0.036003 -0.221817 0.034333 0.00743001 -0.027197
-0.080346 -0.036003 -0.220878 0.034333 0.00743001 -0.027197
-0.078461 -0.036003 -0.221659 0.034333 0.00743001 -0.027197
-0.076438 -0.036003 -0.221926 0.034333 0.00743001 -0.027197
-0.073943 -0.036003 -0.228288 0.034333 0.00743001 -0.027197
-0.073943 -0.036003 -0.236178 0.034333 0.00743001 -0.027197
-0.077888 -0.036003 -0.236698 0.034333 0.00743001 -0.027197
-0.074194 -0.036003 -0.249754 0.034333 0.00743001 -0.027197
-0.079859 -0.036003 -0.250499 0.034333 0.00743001 -0.027197
-0.032442 -0.036003 0.196573 0.034333 0.00743001 -0.027197
0.043319 -0.036003 0.117338 0.034333 0.00743001 -0.027197
-0.035237 -0.036003 0.191591 0.034333 0.00743001 -0.027197
-0.029691 -0.036003 0.21336 0.034333 0.00743001 -0.027197
0.044729 -0.036003 0.122875 0.034333 0.00743001 -0.027197
-0.029621 -0.036003 0.207647 0.034333 0.00743001 -0.027197
-0.06237 -0.036003 0.25488 0.034333 0.00743001 -0.027197
-0.041915 -0.036003 -0.188538 0.034333 0.00743001 -0.027197
-0.039728 -0.036003 -0.193817 0.034333 0.00743001 -0.027197
-0.04602 -0.036003 -0.195166 0.034333 0.00743001 -0.027197
-0.043978 -0.036003 -0.202787 0.034333 0.00743001 -0.027197
-0.051387 -0.036003 -0.208668 0.034333 0.00743001 -0.027197
-0.051906 -0.036003 -0.212614 0.034333 0.00743001 -0.027197
-0.052686 -0.036003 -0.214499 0.034333 0.00743001 -0.027197
-0.062119 -0.036003 -0.215994 0.034333 0.00743001 -0.027197
-0.06498 -0.036003 -0.218855 0.034333 0.00743001 -0.027197
-0.057071 -0.036003 -0.221036 0.034333 0.00743001 -0.027197
-0.070369 -0.036003 -0.221659 0.034333 0.00743001 -0.027197
-0.058956 -0.036003 -0.221817 0.034333 0.00743001 -0.027197
-0.072392 -0.036003 -0.221926 0.034333 0.00743001 -0.027197
-0.055544 -0.036003 -0.182754 0.034333 0.00743001 -0.027197
-0.044337 -0.036003 -0.185382 0.034333 0.00743001 -0.027197
-0.052387 -0.036003 -0.185177 0.034333 0.00743001 -0.027197
-0.073943 -0.036003 -0.185177 0.034333 0.00743001 -0.027197
-0.070369 -0.036003 -0.191458 0.034333 0.00743001 -0.027197
-0.074415 -0.036003 -0.191458 0.034333 0.00743001 -0.027197
-0.072392 -0.036003 -0.191192 0.034333 0.00743001 -0.027197
-0.049965 -0.036003 -0.188333 0.034333 0.00743001 -0.027197
-0.058956 -0.036003 -0.191474 0.034333 0.00743001 -0.027197
-0.068484 -0.036003 -0.192239 0.034333 0.00743001 -0.027197
-0.06498 -0.036003 -0.194262 0.034333 0.00743001 -0.027197
-0.073173 -0.036003 -0.197123 0.034333 0.00743001 -0.027197
-0.062119 -0.036003 -0.197123 0.034333 0.00743001 -0.027197
-0.060876 -0.036003 -0.198742 0.034333 0.00743001 -0.027197
-0.074415 -0.036003 -0.198742 0.034333 0.00743001 -0.027197
-0.060095 -0.036003 -0.200628 0.034333 0.00743001 -0.027197
-0.059049 -0.036003 -0.204536 0.034333 0.00743001 -0.027197
-0.059049 -0.036003 -0.208582 0.034333 0.00743001 -0.027197
-0.060095 -0.036003 -0.21249 0.034333 0.00743001 -0.027197
-0.0763 -0.036003 -0.220878 0.034333 0.00743001 -0.027197
-0.068484 -0.036003 -0.220878 0.034333 0.00743001 -0.027197
-0.074415 -0.036003 -0.221659 0.034333 0.00743001 -0.027197
-0.031032 -0.036003 0.20211 0.034333 0.00743001 -0.027197
-0.057071 -0.036003 -0.192255 0.034333 0.00743001 -0.027197
-0.055548 -0.036003 -0.195931 0.034333 0.00743001 -0.027197
-0.051906 -0.036003 -0.200678 0.034333 0.00743001 -0.027197
-0.051387 -0.036003 -0.204622 0.034333 0.00743001 -0.027197
-0.05112 -0.036003 -0.206645 0.034333 0.00743001 -0.027197
-0.053929 -0.036003 -0.197173 0.034333 0.00743001 -0.027197
-0.052686 -0.036003 -0.198792 0.034333 0.00743001 -0.027197
-0.000491 -0.042256 0.19112 0.034333 0.00743001 -0.027197
-0.068313 -0.042256 0.359726 0.034333 0.00743001 -0.027197
-0.071441 -0.042256 0.359726 0.034333 0.00743001 -0.027197
-0.325478 -0.007221 0.027617 0.034333 0.00743001 -0.027197
-0.325939 -0.003243 -5.8e-05 0.034333 0.00743001 -0.027197
-0.325478 -0.007221 -1.9e-05 0.034333 0.00743001 -0.027197
-0.325939 -0.003243 -0.027694 0.034333 0.00743001 -0.027197
-0.317832 -0.007417 -1.9e-05 0.034333 0.00743001 -0.027197
-0.317832 -0.007417 0.027617 0.034333 0.00743001 -0.027197
-0.326399 0.000735 -1.9e-05 0.034333 0.00743001 -0.027197
-0.325939 -0.003243 0.027656 0.034333 0.00743001 -0.027197
-0.310186 -0.007613 -1.9e-05 0.034333 0.00743001 -0.027197
-0.317832 -0.007417 -0.027655 0.034333 0.00743001 -0.027197
-0.310186 -0.007613 -0.027655 0.034333 0.00743001 -0.027197
-0.326842 0.00456 0.001078 0.034333 0.00743001 -0.027197
-0.291219 -0.008099 -0.027655 0.034333 0.00743001 -0.027197
-0.291014 -0.008105 -1.9e-05 0.034333 0.00743001 -0.027197
-0.271841 -0.008597 0.027617 0.034333 0.00743001 -0.027197
-0.291014 -0.008105 0.027617 0.034333 0.00743001 -0.027197
-0.197435 -0.010506 0.027617 0.034333 0.00743001 -0.027197
-0.327285 0.008386 -1.9e-05 0.034333 0.00743001 -0.027197
-0.272046 -0.008592 -1.9e-05 0.034333 0.00743001 -0.027197
-0.310186 -0.007613 -0.094095 0.034333 0.00743001 -0.027197
-0.291219 -0.008099 -0.060875 0.034333 0.00743001 -0.027197
-0.310186 -0.007613 -0.060875 0.034333 0.00743001 -0.027197
-0.310136 -0.005659 -0.027655 0.034333 0.00743001 -0.027197
-0.310086 -0.003706 -0.027655 0.034333 0.00743001 -0.027197
-0.291169 -0.006146 -0.027655 0.034333 0.00743001 -0.027197
-0.291014 -0.008105 0.060838 0.034333 0.00743001 -0.027197
-0.310186 -0.007613 0.094058 0.034333 0.00743001 -0.027197
-0.310186 -0.007613 0.060838 0.034333 0.00743001 -0.027197
-0.310136 -0.005659 0.027617 0.034333 0.00743001 -0.027197
-0.290963 -0.006152 0.027617 0.034333 0.00743001 -0.027197
-0.310086 -0.003706 0.027617 0.034333 0.00743001 -0.027197
-0.327674 0.011745 0.002125 0.034333 0.00743001 -0.027197
-0.291169 -0.006146 -0.060875 0.034333 0.00743001 -0.027197
-0.272153 -0.004679 -0.027655 0.034333 0.00743001 -0.027197
-0.272203 -0.006632 -0.027655 0.034333 0.00743001 -0.027197
-0.310136 -0.005659 -0.060875 0.034333 0.00743001 -0.027197
-0.291119 -0.004193 -0.027655 0.034333 0.00743001 -0.027197
-0.271741 -0.00469 0.027617 0.034333 0.00743001 -0.027197
-0.290964 -0.006151 0.060838 0.034333 0.00743001 -0.027197
-0.271791 -0.006644 0.027617 0.034333 0.00743001 -0.027197
-0.310086 -0.003706 0.094058 0.034333 0.00743001 -0.027197
-0.310136 -0.005659 0.060838 0.034333 0.00743001 -0.027197
-0.310136 -0.005659 0.094058 0.034333 0.00743001 -0.027197
-0.290913 -0.004198 0.027617 0.034333 0.00743001 -0.027197
-0.310086 -0.003706 0.060838 0.034333 0.00743001 -0.027197
-0.328063 0.015105 -1.9e-05 0.034333 0.00743001 -0.027197
-0.291119 -0.004193 -0.060875 0.034333 0.00743001 -0.027197
-0.310136 -0.005659 -0.094095 0.034333 0.00743001 -0.027197
-0.310086 -0.003706 -0.094095 0.034333 0.00743001 -0.027197
-0.310086 -0.003706 -0.060875 0.034333 0.00743001 -0.027197
-0.290913 -0.004198 0.060838 0.034333 0.00743001 -0.027197
-0.328366 0.017724 0.002996 0.034333 0.00743001 -0.027197
-0.328669 0.020342 -1.9e-05 0.034333 0.00743001 -0.027197
-0.328862 0.022004 0.003619 0.034333 0.00743001 -0.027197
-0.329054 0.023666 -1.9e-05 0.034333 0.00743001 -0.027197
-0.32912 0.024236 -0.003982 0.034333 0.00743001 -0.027197
-0.325478 0.024748 -9.3e-05 0.034333 0.00743001 -0.027197
-0.285445 0.024251 -5.6e-05 0.034333 0.00743001 -0.027197
-0.325478 0.024748 0.000688 0.034333 0.00743001 -0.027197
-0.285445 0.024251 0.000726 0.034333 0.00743001 -0.027197
-0.325478 0.024748 0.00147 0.034333 0.00743001 -0.027197
-0.285445 0.024251 -0.000837 0.034333 0.00743001 -0.027197
-0.325478 0.024748 -0.000874 0.034333 0.00743001 -0.027197
-0.325478 0.024748 -0.001656 0.034333 0.00743001 -0.027197
-0.286395 0.024748 0.000688 0.034333 0.00743001 -0.027197
-0.246362 0.024251 -5.6e-05 0.034333 0.00743001 -0.027197
-0.247312 0.024748 -9.3e-05 0.034333 0.00743001 -0.027197
-0.325478 0.079133 0.00147 0.034333 0.00743001 -0.027197
-0.325478 0.051941 0.000688 0.034333 0.00743001 -0.027197
-0.325478 0.051941 0.00147 0.034333 0.00743001 -0.027197
-0.286395 0.024748 -9.3e-05 0.034333 0.00743001 -0.027197
-0.325478 0.051941 -9.3e-05 0.034333 0.00743001 -0.027197
-0.286395 0.024748 -0.000874 0.034333 0.00743001 -0.027197
-0.286395 0.051941 0.000688 0.034333 0.00743001 -0.027197
-0.325478 0.051941 -0.001656 0.034333 0.00743001 -0.027197
-0.325478 0.079133 -9.3e-05 0.034333 0.00743001 -0.027197
-0.325478 0.079133 -0.001656 0.034333 0.00743001 -0.027197
-0.286395 0.051941 -0.000874 0.034333 0.00743001 -0.027197
-0.318292 -0.003439 -0.027694 0.034333 0.00743001 -0.027197
-0.318292 -0.003439 0.027656 0.034333 0.00743001 -0.027197
-0.299326 -0.003926 -0.027694 0.034333 0.00743001 -0.027197
-0.29912 -0.003931 0.027656 0.034333 0.00743001 -0.027197
-0.197641 -0.0105 -0.027655 0.034333 0.00743001 -0.027197
-0.327266 0.024207 -0.004019 0.034333 0.00743001 -0.027197
-0.128682 0.021714 -0.004019 0.034333 0.00743001 -0.027197
-0.327332 0.024777 -5.6e-05 0.034333 0.00743001 -0.027197
